0                   	0.000000000000e+00
0.000117826556714   	-1.479239540320e-09
0.000140439156349   	-6.991163540259e-08
0.000166208038916   	-1.498034510786e-06
0.000195207014161   	-1.723310327805e-05
0.000227526992101   	-1.210874461373e-04
0.000261905014997   	-5.344866497043e-04
0.000297734526193   	-1.662406733899e-03
0.00033533187176    	-4.046119599316e-03
0.000375166685852   	-8.187069200342e-03
0.000418139695063   	-1.436378826124e-02
0.000465925662215   	-2.253421126299e-02
0.000519546908369   	-3.198104458730e-02
0.00058147737389    	-4.170350919310e-02
0.00065128290037    	-5.031442328827e-02
0.000716652614319   	-5.646057343784e-02
0.000775165821091   	-6.057734257531e-02
0.000829839462117   	-6.337002522883e-02
0.000882337014758   	-6.524481829764e-02
0.00093365100813    	-6.647329539081e-02
0.000984288322587   	-6.724922337749e-02
0.00103455561459    	-6.771676394430e-02
0.00108462877369    	-6.803520698245e-02
0.00113454255763    	-6.837790579156e-02
0.0011841453971     	-6.888588915978e-02
0.00123303548856    	-6.970547155611e-02
0.00128073494212    	-7.090361198998e-02
0.00132528224054    	-7.243472889354e-02
0.00136852439275    	-7.432065285139e-02
0.00141175693834    	-7.652990429423e-02
0.00145427704838    	-7.899634071546e-02
0.00149507237763    	-8.157371586980e-02
0.00153420625427    	-8.419560109217e-02
0.00157178906425    	-8.677353051136e-02
0.00160795413921    	-8.928306728413e-02
0.00164284751425    	-9.166508345379e-02
0.00167661510193    	-9.391151512885e-02
0.00170939368948    	-9.600939011089e-02
0.00174130727509    	-9.795057803011e-02
0.00177246333249    	-9.973052114407e-02
0.00180295378713    	-1.013457782312e-01
0.00183286062247    	-1.028115348634e-01
0.0018622590008     	-1.041232950057e-01
0.00189122162557    	-1.052870267997e-01
0.00191981504535    	-1.063221544170e-01
0.00194809656098    	-1.072226504361e-01
0.00197611477369    	-1.079999527433e-01
0.00200391049399    	-1.086683011220e-01
0.00203151888267    	-1.092407072707e-01
0.0020589712931     	-1.097143907736e-01
0.00208629443573    	-1.101175673233e-01
0.00211347837835    	-1.104549662636e-01
0.00214053865594    	-1.107338511707e-01
0.00216748504277    	-1.109820925980e-01
0.0021943265877     	-1.112082582853e-01
0.00222106811476    	-1.114262511400e-01
0.00224770972269    	-1.116506412607e-01
0.0022741961836     	-1.118922638845e-01
0.00230039576041    	-1.121626944512e-01
0.00232611369468    	-1.124659339624e-01
0.00235135690413    	-1.128064832829e-01
0.00237615653857    	-1.131862239557e-01
0.00240054215004    	-1.136105969899e-01
0.00242454625675    	-1.140777643232e-01
0.00244819971581    	-1.145823418297e-01
0.00247153779059    	-1.151255149183e-01
0.00249458701946    	-1.157033678799e-01
0.00251735871423    	-1.163113234275e-01
0.00253986155303    	-1.169431955012e-01
0.00256210537506    	-1.175950438501e-01
0.00258410205701    	-1.182650472962e-01
0.00260586591492    	-1.189447550615e-01
0.00262740986734    	-1.196319908694e-01
0.00264874578963    	-1.203196875692e-01
0.00266988436913    	-1.210068903259e-01
0.00269083558008    	-1.216890758726e-01
0.00271160881244    	-1.223623884619e-01
0.00273221265913    	-1.230231235935e-01
0.00275265459758    	-1.236678021917e-01
0.00277294095583    	-1.242938336625e-01
0.00279307700152    	-1.248977634869e-01
0.002813067133      	-1.254792935241e-01
0.0028329149653     	-1.260336353522e-01
0.00285262311465    	-1.265597718066e-01
0.00287219416317    	-1.270564595819e-01
0.00289163096777    	-1.275213766638e-01
0.00291093609428    	-1.279554929038e-01
0.00293011197426    	-1.283562802486e-01
0.00294916062718    	-1.287237443339e-01
0.00296808368946    	-1.290594713847e-01
0.00298688375685    	-1.293664090989e-01
0.00300556383583    	-1.296396265096e-01
0.00302412696968    	-1.298795080189e-01
0.00304257502141    	-1.300846344964e-01
0.00306091052591    	-1.302586237356e-01
0.00307913689816    	-1.304052980264e-01
0.00309725742243    	-1.305262138361e-01
0.00311527443338    	-1.306216948572e-01
0.00313318946119    	-1.306902070935e-01
0.00315100441411    	-1.307309179691e-01
0.00316872134158    	-1.307640497010e-01
0.00318634270255    	-1.307869039269e-01
0.00320387114293    	-1.307954779037e-01
0.00322130969191    	-1.307906347103e-01
0.00323866102789    	-1.307735820131e-01
0.00325592732508    	-1.307485309891e-01
0.00327311182357    	-1.307197844520e-01
0.00329021794509    	-1.306876498877e-01
0.0033072491461     	-1.306504675452e-01
0.00332420902416    	-1.306098458040e-01
0.0033411014189     	-1.305835589728e-01
0.00335793024289    	-1.305667083839e-01
0.00337469935463    	-1.305563336747e-01
0.0033914123207     	-1.305529195069e-01
0.00340807234175    	-1.305558104988e-01
0.00342468259021    	-1.305687808379e-01
0.00344124615469    	-1.305923321068e-01
0.0034577659599     	-1.306271193907e-01
0.00347424481743    	-1.306710712952e-01
0.00349068530129    	-1.307243874747e-01
0.00350708978646    	-1.307911004607e-01
0.00352346053865    	-1.308780086630e-01
0.0035397995437     	-1.309794256127e-01
0.00355610857117    	-1.310929258372e-01
0.00357238933736    	-1.312153482958e-01
0.00358864350851    	-1.313475083132e-01
0.00360487254349    	-1.314901184819e-01
0.00362107766844    	-1.316427886148e-01
0.00363726005724    	-1.318036259485e-01
0.00365342062845    	-1.319683139135e-01
0.00366956029866    	-1.321353772821e-01
0.00368567986828    	-1.323175606832e-01
0.00370177986371    	-1.325101512224e-01
0.0037178609534     	-1.327066292913e-01
0.00373392346416    	-1.329035881138e-01
0.00374996770136    	-1.330991397725e-01
0.00376599392548    	-1.332934380281e-01
0.00378200228403    	-1.334874383370e-01
0.00379799296551    	-1.336784739106e-01
0.0038139661464     	-1.338619190995e-01
0.0038299221396     	-1.340331183879e-01
0.00384586129746    	-1.342095794325e-01
0.00386178425604    	-1.343850762576e-01
0.00387769182189    	-1.345525863511e-01
0.00389358506338    	-1.347101925877e-01
0.00390946489249    	-1.348542196363e-01
0.00392533191762    	-1.349872734492e-01
0.00394118610361    	-1.351088797540e-01
0.00395702700699    	-1.352177642667e-01
0.00397285378606    	-1.353093154022e-01
0.00398866562697    	-1.353807006667e-01
0.00400446174017    	-1.354506131822e-01
0.00402024160736    	-1.355111489170e-01
0.00403600483115    	-1.355577084398e-01
0.00405175124686    	-1.355879768473e-01
0.00406748082813    	-1.356006105991e-01
0.00408319369893    	-1.355982791839e-01
0.00409889006486    	-1.355823253920e-01
0.00411457030922    	-1.355504533157e-01
0.00413023492476    	-1.355001049209e-01
0.00414588454956    	-1.354322781061e-01
0.00416151998327    	-1.353647424873e-01
0.00417714215643    	-1.352898045336e-01
0.00419275202314    	-1.352047072255e-01
0.00420835047805    	-1.351075319758e-01
0.00422393833204    	-1.349975865564e-01
0.00423951624607    	-1.348802872917e-01
0.00425508487898    	-1.347558542238e-01
0.00427064484583    	-1.346226016200e-01
0.00428619681518    	-1.344778774942e-01
0.004301741177      	-1.343334436883e-01
0.00431727815472    	-1.341969427373e-01
0.00433280764498    	-1.340610269994e-01
0.004348329102      	-1.339260909943e-01
0.00436384191267    	-1.337891179564e-01
0.0043793454346     	-1.336518234653e-01
0.00439483986249    	-1.335181984372e-01
0.00441032606699    	-1.333871091804e-01
0.00442580543187    	-1.332571758232e-01
0.00444127964595    	-1.331265371790e-01
0.00445675048391    	-1.330114111002e-01
0.0044722196585     	-1.329084944382e-01
0.00448768871208    	-1.328120623995e-01
0.00450315896978    	-1.327240157474e-01
0.00451863156917    	-1.326388945835e-01
0.0045341074999     	-1.325606642174e-01
0.00454958762408    	-1.324901355490e-01
0.00456507269833    	-1.324259817446e-01
0.00458056338813    	-1.323663809059e-01
0.00459606028322    	-1.323083539924e-01
0.00461156390859    	-1.322665708772e-01
0.00462707473827    	-1.322368356596e-01
0.00464259319061    	-1.322143730304e-01
0.00465811961461    	-1.321985822101e-01
0.00467365428192    	-1.321842628363e-01
0.00468919739597    	-1.321751047835e-01
0.00470474909584    	-1.321702611281e-01
0.00472030948329    	-1.321698814945e-01
0.00473587864893    	-1.321706797116e-01
0.00475145668592    	-1.321696518826e-01
0.00476704369609    	-1.321726894559e-01
0.00478263978039    	-1.321863202242e-01
0.00479824502252    	-1.322039292201e-01
0.00481385948564    	-1.322225205697e-01
0.00482948320654    	-1.322376990545e-01
0.00484511618848    	-1.322504843825e-01
0.00486075839926    	-1.322619761550e-01
0.00487640973141    	-1.322715598443e-01
0.00489207000885    	-1.322772992012e-01
0.0049077389842     	-1.322755077115e-01
0.00492341636531    	-1.322661761496e-01
0.00493910181059    	-1.322630151668e-01
0.00495479496485    	-1.322597080945e-01
0.00497049548676    	-1.322516903083e-01
0.0049862030684     	-1.322367637097e-01
0.00500191745406    	-1.322127291161e-01
0.00501763840328    	-1.321826140167e-01
0.00503336569812    	-1.321458679227e-01
0.0050490991257     	-1.321015944994e-01
0.00506483849063    	-1.320466574201e-01
0.00508058362775    	-1.319798374888e-01
0.00509633442796    	-1.319156302129e-01
0.00511209085243    	-1.318498353602e-01
0.00512785291272    	-1.317773382819e-01
0.00514362066378    	-1.316983093271e-01
0.00515939417797    	-1.316091130598e-01
0.00517517352291    	-1.315136241615e-01
0.00519095877308    	-1.314118892860e-01
0.00520675000413    	-1.313026037763e-01
0.00522254731514    	-1.311826833256e-01
0.00523835087048    	-1.310599130417e-01
0.00525416088005    	-1.309420819320e-01
0.00526997758907    	-1.308223631646e-01
0.00528580129009    	-1.306993206314e-01
0.00530163230641    	-1.305738227942e-01
0.00531747099351    	-1.304439034247e-01
0.00533331772835    	-1.303132886948e-01
0.00534917293198    	-1.301793617156e-01
0.0053650370041     	-1.300387336505e-01
0.00538091035585    	-1.299020085254e-01
0.00539679341845    	-1.297725796653e-01
0.00541268666633    	-1.296456244485e-01
0.00542859062481    	-1.295189342886e-01
0.00544450587521    	-1.293924933563e-01
0.0054604330437     	-1.292672225658e-01
0.00547637281269    	-1.291453026098e-01
0.00549232594321    	-1.290258692337e-01
0.00550829328157    	-1.289103691735e-01
0.00552427571349    	-1.287982360216e-01
0.00554027415876    	-1.286908440739e-01
0.00555628954137    	-1.285862788714e-01
0.00557232276444    	-1.284858858151e-01
0.00558837468558    	-1.283874479447e-01
0.00560444612714    	-1.282928573854e-01
0.00562053784459    	-1.282011049536e-01
0.00563665054041    	-1.281129284499e-01
0.00565278486002    	-1.280275382520e-01
0.00566894141348    	-1.279438769721e-01
0.00568512077636    	-1.278623717522e-01
0.00570132350194    	-1.277823163874e-01
0.00571755011305    	-1.277035007253e-01
0.00573380110726    	-1.276254176307e-01
0.00575007696107    	-1.275472334014e-01
0.00576637815992    	-1.274682610243e-01
0.00578270518165    	-1.273881068832e-01
0.00579905851271    	-1.273061054228e-01
0.00581543863862    	-1.272218230135e-01
0.00583184608686    	-1.271343623231e-01
0.0058482813518     	-1.270431715497e-01
0.00586474487863    	-1.269474578596e-01
0.00588123705978    	-1.268470170313e-01
0.0058977582573     	-1.267408118286e-01
0.00591430881548    	-1.266288227175e-01
0.00593088849143    	-1.265102181425e-01
0.00594730039107    	-1.263863870299e-01
0.0059635947963     	-1.262564799091e-01
0.0059797980919     	-1.261198828412e-01
0.00599592592748    	-1.259769304548e-01
0.00601199242938    	-1.258270204664e-01
0.00602801026157    	-1.256701927301e-01
0.00604399196075    	-1.255060951703e-01
0.0060599511359     	-1.253348529967e-01
0.00607590238338    	-1.251565284381e-01
0.00609186208364    	-1.249708429052e-01
0.00610784812626    	-1.247777483323e-01
0.00612387098045    	-1.245772541217e-01
0.00613993516328    	-1.243699611383e-01
0.00615603368116    	-1.241562473930e-01
0.00617216202136    	-1.239361562952e-01
0.00618832425689    	-1.237101755049e-01
0.0062043890281     	-1.234806289359e-01
0.00622005713919    	-1.232524952857e-01
0.0062353946988     	-1.230252037265e-01
0.00625045496711    	-1.227987429908e-01
0.00626528126436    	-1.225731600234e-01
0.0062799030683     	-1.223485038681e-01
0.00629434342974    	-1.221249163009e-01
0.00630862706147    	-1.219024890748e-01
0.00632277944044    	-1.216812597976e-01
0.00633682144216    	-1.214617915140e-01
0.0063507715194     	-1.212441578514e-01
0.00636465613957    	-1.210283428936e-01
0.00637849600762    	-1.208141314928e-01
0.00639230488672    	-1.206017988432e-01
0.0064060932447     	-1.203917050443e-01
0.00641986885637    	-1.201840828980e-01
0.00643363770358    	-1.199792300527e-01
0.00644740470216    	-1.197770777605e-01
0.00646117442043    	-1.195781253394e-01
0.00647495076121    	-1.193827478940e-01
0.00648873697428    	-1.191913794725e-01
0.00650253575249    	-1.190045490193e-01
0.0065163492968     	-1.188222317632e-01
0.00653017940046    	-1.186447449291e-01
0.00654402746212    	-1.184724249700e-01
0.00655789451937    	-1.183056828257e-01
0.00657178137968    	-1.181450123990e-01
0.006585688611      	-1.179905410413e-01
0.00659961653725    	-1.178426199551e-01
0.00661356526309    	-1.177013312869e-01
0.00662753480778    	-1.175669796809e-01
0.00664152514235    	-1.174397389118e-01
0.00665553623453    	-1.173200506507e-01
0.00666956806118    	-1.172078895707e-01
0.00668362059249    	-1.171038068519e-01
0.00669769377229    	-1.170070862519e-01
0.00671178750642    	-1.169182212380e-01
0.00672590169565    	-1.168370390928e-01
0.00674003608231    	-1.167635884724e-01
0.00675419022026    	-1.166979774876e-01
0.00676836371093    	-1.166400571937e-01
0.00678255631695    	-1.165893749099e-01
0.00679676795852    	-1.165457934264e-01
0.00681099860253    	-1.165091535241e-01
0.0068252481782     	-1.164790161809e-01
0.00683951819825    	-1.164553522796e-01
0.00685380956169    	-1.164374524256e-01
0.00686812238882    	-1.164248450899e-01
0.00688245664046    	-1.164169189577e-01
0.00689681237307    	-1.164134632070e-01
0.00691118967186    	-1.164140213983e-01
0.0069255883295     	-1.164182110027e-01
0.00694000804966    	-1.164253363689e-01
0.00695444856083    	-1.164345496442e-01
0.00696890955238    	-1.164456837355e-01
0.00698339058282    	-1.164581772709e-01
0.00699789127156    	-1.164718257488e-01
0.00701241133812    	-1.164858639661e-01
0.00702695031458    	-1.164996810937e-01
0.00704150752037    	-1.165127082072e-01
0.00705608123272    	-1.165249507974e-01
0.00707066988665    	-1.165361905579e-01
0.00708527887059    	-1.165464685315e-01
0.00709991062244    	-1.165550143444e-01
0.00711456419246    	-1.165618243338e-01
0.00712923688505    	-1.165662681860e-01
0.00714392614612    	-1.165683949433e-01
0.00715863036919    	-1.165678182602e-01
0.00717334887959    	-1.165638188861e-01
0.00718808141007    	-1.165572823487e-01
0.0072028276427     	-1.165477947767e-01
0.00721758740936    	-1.165353347086e-01
0.00723236060624    	-1.165196644887e-01
0.00724714715771    	-1.165013420550e-01
0.0072619470458     	-1.164805476009e-01
0.00727676033632    	-1.164574948176e-01
0.00729158719363    	-1.164321734137e-01
0.00730642786612    	-1.164046381982e-01
0.00732128269829    	-1.163750163292e-01
0.00733615204424    	-1.163433372386e-01
0.00735103624862    	-1.163101335237e-01
0.00736593577156    	-1.162752107196e-01
0.00738085130043    	-1.162391844422e-01
0.00739578371734    	-1.162020555673e-01
0.00741073393536    	-1.161641821664e-01
0.00742570294955    	-1.161259995385e-01
0.0074406918337     	-1.160872730899e-01
0.00745570100402    	-1.160488355365e-01
0.00747072750933    	-1.160106799404e-01
0.00748577341589    	-1.159725404469e-01
0.00750084527133    	-1.159349251883e-01
0.00751594379087    	-1.158984868871e-01
0.00753106912378    	-1.158632595575e-01
0.00754622285344    	-1.158293492415e-01
0.00756140698709    	-1.157973180082e-01
0.00757662361831    	-1.157679097291e-01
0.00759187660954    	-1.157410516828e-01
0.00760717000401    	-1.157170952136e-01
0.00762250722489    	-1.156961347681e-01
0.00763789130314    	-1.156785287549e-01
0.007653325011      	-1.156645869156e-01
0.00766881078097    	-1.156548216433e-01
0.00768434995283    	-1.156493583843e-01
0.00769994351588    	-1.156482230331e-01
0.00771559361328    	-1.156518979317e-01
0.00773130281041    	-1.156600623702e-01
0.00774707307824    	-1.156729935616e-01
0.00776290576497    	-1.156902829962e-01
0.00777880178055    	-1.157117068490e-01
0.00779476200901    	-1.157372132335e-01
0.0078107873927     	-1.157673540191e-01
0.00782687888562    	-1.158018126170e-01
0.00784303739458    	-1.158400134896e-01
0.00785926377873    	-1.158820028189e-01
0.00787556221077    	-1.159275997626e-01
0.00789193736352    	-1.159769613561e-01
0.00790839080741    	-1.160294608970e-01
0.00792492327224    	-1.160850477084e-01
0.00794153522201    	-1.161432244283e-01
0.00795822696562    	-1.162033910580e-01
0.00797499874612    	-1.162652861142e-01
0.00799185059394    	-1.163282711333e-01
0.0080087829479     	-1.163916542792e-01
0.00802579670572    	-1.164551900782e-01
0.00804289216469    	-1.165184154908e-01
0.00806006931831    	-1.165814093892e-01
0.00807726453601    	-1.166434776401e-01
0.00809422864672    	-1.167041661426e-01
0.00811098424293    	-1.167626608278e-01
0.00812755181312    	-1.168185151350e-01
0.00814394981166    	-1.168714392298e-01
0.00816019479492    	-1.169215126097e-01
0.00817630173812    	-1.169684936588e-01
0.00819228430165    	-1.170122312174e-01
0.00820815458948    	-1.170525312609e-01
0.00822392323547    	-1.170899451361e-01
0.00823959965999    	-1.171243531274e-01
0.00825519235481    	-1.171561855553e-01
0.00827071003526    	-1.171853390451e-01
0.00828616052824    	-1.172116788432e-01
0.00830155112785    	-1.172357441727e-01
0.00831688868669    	-1.172572737703e-01
0.00833217958379    	-1.172768174156e-01
0.00834743019959    	-1.172939558303e-01
0.00836264644039    	-1.173087673219e-01
0.00837783376282    	-1.173214990357e-01
0.00839299738545    	-1.173322333177e-01
0.00840814233527    	-1.173416125677e-01
0.00842327312948    	-1.173494266445e-01
0.00843839381659    	-1.173560940400e-01
0.00845350824907    	-1.173616702315e-01
0.00846862049184    	-1.173664019207e-01
0.00848373477099    	-1.173707807979e-01
0.00849885529302    	-1.173749205445e-01
0.00851398612632    	-1.173790210764e-01
0.00852913120117    	-1.173831701501e-01
0.00854429425134    	-1.173874148025e-01
0.00855947906318    	-1.173922526351e-01
0.00857468950382    	-1.173974792689e-01
0.00858992941319    	-1.174036736597e-01
0.00860520270035    	-1.174103677029e-01
0.00862051328365    	-1.174181987017e-01
0.00863586505315    	-1.174272423074e-01
0.00865126172985    	-1.174376132843e-01
0.0086667068394     	-1.174498628256e-01
0.00868220393291    	-1.174639954591e-01
0.00869775652757    	-1.174803147021e-01
0.00871336806371    	-1.174988701957e-01
0.00872904188518    	-1.175193515376e-01
0.0087447813003     	-1.175419384361e-01
0.00876058958954    	-1.175666660218e-01
0.00877647002307    	-1.175935521752e-01
0.00879242588451    	-1.176226340526e-01
0.0088084604335     	-1.176535428455e-01
0.00882457688508    	-1.176864480850e-01
0.00884077833653    	-1.177217031001e-01
0.00885706781884    	-1.177594491410e-01
0.00887344833434    	-1.177996722039e-01
0.00888992286483    	-1.178417981996e-01
0.00890649438444    	-1.178858956113e-01
0.00892316583565    	-1.179314419547e-01
0.00893994006531    	-1.179784430934e-01
0.00895681981811    	-1.180267431771e-01
0.00897380779544    	-1.180758560877e-01
0.00899090662336    	-1.181261079822e-01
0.00900811882811    	-1.181772308739e-01
0.00902544696662    	-1.182292157574e-01
0.00904289361235    	-1.182817234211e-01
0.00906046128663    	-1.183341914246e-01
0.00907815246815    	-1.183865625136e-01
0.00909596962008    	-1.184384871484e-01
0.00911391519469    	-1.184897830409e-01
0.00913199165879    	-1.185402645772e-01
0.00915020148312    	-1.185895836128e-01
0.00916854712387    	-1.186376081240e-01
0.0091870310625     	-1.186841504666e-01
0.00920565582433    	-1.187288391517e-01
0.00922442399027    	-1.187715801946e-01
0.0092432692984     	-1.188121355737e-01
0.00926211219911    	-1.188502704298e-01
0.00928095251893    	-1.188859608373e-01
0.00929979005959    	-1.189189461516e-01
0.00931862459368    	-1.189493233811e-01
0.0093374558358     	-1.189771782346e-01
0.00935628348385    	-1.190025998754e-01
0.00937510725783    	-1.190258738090e-01
0.00939392685212    	-1.190469459860e-01
0.00941274196889    	-1.190659896427e-01
0.00943155236295    	-1.190832265500e-01
0.00945035779444    	-1.190989005783e-01
0.00946915801793    	-1.191132593666e-01
0.0094879528668     	-1.191265093214e-01
0.0095067421306     	-1.191387393661e-01
0.0095255256779     	-1.191502838391e-01
0.00954430333792    	-1.191614542662e-01
0.00956307502035    	-1.191725346911e-01
0.00958184059906    	-1.191837564210e-01
0.00960060003296    	-1.191952317661e-01
0.0096193532445     	-1.192072504937e-01
0.00963810024609    	-1.192200753241e-01
0.00965684101571    	-1.192339772358e-01
0.00967557559673    	-1.192489729604e-01
0.0096943040347     	-1.192653396101e-01
0.00971302641772    	-1.192831109341e-01
0.0097317428386     	-1.193023355531e-01
0.00975045339158    	-1.193232598334e-01
0.00976915821022    	-1.193457742538e-01
0.00978785742259    	-1.193700320437e-01
0.00980655118719    	-1.193960780413e-01
0.00982523962826    	-1.194235594134e-01
0.00984392293034    	-1.194526734441e-01
0.00986260123095    	-1.194833382814e-01
0.00988127472909    	-1.195154857528e-01
0.0098999435807     	-1.195492338816e-01
0.00991860795751    	-1.195839723227e-01
0.00993726802698    	-1.196198304535e-01
0.00995592396582    	-1.196566782558e-01
0.0099745758986     	-1.196943365739e-01
0.00999322399073    	-1.197330120187e-01
0.0100118683586     	-1.197719839259e-01
0.0100305091153     	-1.198112497220e-01
0.0100491463165     	-1.198506717343e-01
0.0100677800714     	-1.198900382190e-01
0.0100864104025     	-1.199294783465e-01
0.0101050373575     	-1.199684713395e-01
0.0101236609261     	-1.200068036303e-01
0.010142281059      	-1.200443864882e-01
0.0101608976885     	-1.200810496052e-01
0.0101795107296     	-1.201168258247e-01
0.0101981201041     	-1.201515794402e-01
0.010216725732      	-1.201849037178e-01
0.0102353275817     	-1.202168267302e-01
0.0102539256008     	-1.202472763789e-01
0.0102725197529     	-1.202762332920e-01
0.0102911099633     	-1.203038502162e-01
0.0103096961775     	-1.203297602515e-01
0.0103282783259     	-1.203540072888e-01
0.0103468563179     	-1.203766601209e-01
0.0103654300735     	-1.203977053375e-01
0.0103839995177     	-1.204174086277e-01
0.0104025645445     	-1.204357104989e-01
0.0104211250791     	-1.204524876069e-01
0.0104396810621     	-1.204679765872e-01
0.0104582324033     	-1.204822118230e-01
0.0104767790736     	-1.204954113212e-01
0.0104953210111     	-1.205078594763e-01
0.0105138582014     	-1.205193330326e-01
0.0105323906285     	-1.205300541257e-01
0.0105509182729     	-1.205401512658e-01
0.0105694411616     	-1.205497868622e-01
0.0105879592664     	-1.205593376981e-01
0.0106064726357     	-1.205686402162e-01
0.0106249813003     	-1.205777850000e-01
0.0106434852796     	-1.205869750452e-01
0.0106619846459     	-1.205963160792e-01
0.0106804794591     	-1.206061230770e-01
0.0106989697727     	-1.206163544219e-01
0.0107174556576     	-1.206269034288e-01
0.0107359372339     	-1.206380325543e-01
0.0107544145791     	-1.206497751386e-01
0.0107728878105     	-1.206622820518e-01
0.0107913570606     	-1.206755974314e-01
0.0108098224178     	-1.206894761737e-01
0.0108282840356     	-1.207041391977e-01
0.0108467420154     	-1.207196013767e-01
0.0108651965012     	-1.207358525781e-01
0.0108836476007     	-1.207529580721e-01
0.0109020954299     	-1.207706666704e-01
0.0109205400882     	-1.207890828956e-01
0.0109389816778     	-1.208082172180e-01
0.0109574203039     	-1.208279477719e-01
0.0109758560537     	-1.208483142472e-01
0.010994289001      	-1.208690030347e-01
0.0110127192302     	-1.208900203416e-01
0.0110311468393     	-1.209113836971e-01
0.011049571878      	-1.209328433751e-01
0.0110679944028     	-1.209544503503e-01
0.011086414484      	-1.209758989231e-01
0.0111048321652     	-1.209970863412e-01
0.0111232474591     	-1.210181258965e-01
0.0111416604136     	-1.210387177987e-01
0.0111600710426     	-1.210589180792e-01
0.0111784793443     	-1.210785335477e-01
0.0111968853048     	-1.210973447679e-01
0.0112152889094     	-1.211155598206e-01
0.0112336901325     	-1.211329212636e-01
0.0112520889418     	-1.211494742043e-01
0.0112704852912     	-1.211651955898e-01
0.0112888791524     	-1.211797914603e-01
0.0113072704734     	-1.211935243899e-01
0.0113256592086     	-1.212062275122e-01
0.0113440453073     	-1.212179462285e-01
0.0113624287361     	-1.212288217569e-01
0.0113808094323     	-1.212385384968e-01
0.0113991873774     	-1.212473773752e-01
0.0114175625117     	-1.212552759658e-01
0.0114359348135     	-1.212622409463e-01
0.0114543042609     	-1.212685662459e-01
0.0114726708433     	-1.212739338463e-01
0.0114910345247     	-1.212785980440e-01
0.011509395307      	-1.212826211184e-01
0.0115277532062     	-1.212859233871e-01
0.0115461081881     	-1.212889374832e-01
0.0115644602929     	-1.212913848599e-01
0.0115828094984     	-1.212934324301e-01
0.0116011558394     	-1.212952948930e-01
0.0116194993288     	-1.212967690196e-01
0.0116378400213     	-1.212983543824e-01
0.0116561779387     	-1.212998572108e-01
0.0116745131545     	-1.213013034396e-01
0.0116928456995     	-1.213030306165e-01
0.0117111756656     	-1.213047237606e-01
0.0117295031115     	-1.213068428873e-01
0.0117478280805     	-1.213093054012e-01
0.0117661506572     	-1.213119691892e-01
0.0117844708865     	-1.213152460385e-01
0.0118027888342     	-1.213187568457e-01
0.0118211045784     	-1.213228385477e-01
0.0118394181792     	-1.213275545052e-01
0.0118577296811     	-1.213326081313e-01
0.011876039187      	-1.213384414554e-01
0.0118943467297     	-1.213446865579e-01
0.0119126523973     	-1.213514896101e-01
0.0119309562316     	-1.213590546685e-01
0.0119492583153     	-1.213669562116e-01
0.0119675587104     	-1.213755901654e-01
0.0119858574416     	-1.213846471405e-01
0.0120041545992     	-1.213940566366e-01
0.0120224502141     	-1.214041213668e-01
0.0120407443034     	-1.214143406134e-01
0.0120590369216     	-1.214250326460e-01
0.0120773280643     	-1.214359786110e-01
0.0120956177693     	-1.214469426150e-01
0.0121139060465     	-1.214582965760e-01
0.0121321928968     	-1.214695377779e-01
0.0121504783058     	-1.214809050956e-01
0.012168762288      	-1.214922875518e-01
0.0121870448277     	-1.215033410242e-01
0.0122053259289     	-1.215144764004e-01
0.0122236055562     	-1.215252280955e-01
0.0122418837194     	-1.215357578349e-01
0.0122601604038     	-1.215460801577e-01
0.0122784355617     	-1.215557742231e-01
0.0122967092061     	-1.215653007424e-01
0.0123149813121     	-1.215742634537e-01
0.0123332518389     	-1.215827615313e-01
0.012351520777      	-1.215909484902e-01
0.0123697880885     	-1.215983552074e-01
0.0123880537675     	-1.216054779323e-01
0.0124063177505     	-1.216120109634e-01
0.0124245800201     	-1.216179551056e-01
0.0124428405532     	-1.216236036936e-01
0.0124610992863     	-1.216284478933e-01
0.0124793561986     	-1.216329934919e-01
0.0124976112239     	-1.216370533798e-01
0.012515864353      	-1.216405259038e-01
0.0125341155169     	-1.216438483386e-01
0.0125523646951     	-1.216464972314e-01
0.0125706118194     	-1.216489519410e-01
0.0125888568484     	-1.216511468487e-01
0.0126070997551     	-1.216528514354e-01
0.0126253404608     	-1.216546047674e-01
0.0126435789519     	-1.216558725718e-01
0.0126618151808     	-1.216570571751e-01
0.0126800491202     	-1.216582159970e-01
0.0126982807658     	-1.216589881543e-01
0.0127165100948     	-1.216599779281e-01
0.0127347371446     	-1.216606769617e-01
0.012752961934      	-1.216613688689e-01
0.0127711844636     	-1.216622478397e-01
0.0127894047776     	-1.216628444851e-01
0.0128076228949     	-1.216637991635e-01
0.0128258388599     	-1.216646676786e-01
0.0128440526822     	-1.216656009409e-01
0.0128622644335     	-1.216669192152e-01
0.0128804741431     	-1.216680694565e-01
0.0128986818564     	-1.216696820490e-01
0.0129168876345     	-1.216713909505e-01
0.0129350915129     	-1.216731859860e-01
0.0129532935886     	-1.216754868794e-01
0.0129714939159     	-1.216776660224e-01
0.01298969255       	-1.216802983498e-01
0.0130078895835     	-1.216830966937e-01
0.013026085061      	-1.216858929492e-01
0.0130442790714     	-1.216891756332e-01
0.0130624716655     	-1.216922683903e-01
0.0130806628994     	-1.216956660781e-01
0.0130988528347     	-1.216991768492e-01
0.0131170415234     	-1.217024968161e-01
0.0131352290141     	-1.217061732123e-01
0.0131534153424     	-1.217095193826e-01
0.013171600543      	-1.217129566632e-01
0.0131897846371     	-1.217164013379e-01
0.0132079676384     	-1.217194534592e-01
0.0132261495626     	-1.217227144851e-01
0.0132443304126     	-1.217255309304e-01
0.0132625102182     	-1.217282521445e-01
0.0132806889565     	-1.217309144525e-01
0.01329886667       	-1.217330449941e-01
0.013317043353      	-1.217352872243e-01
0.0133352190535     	-1.217370407055e-01
0.0133533937731     	-1.217385623197e-01
0.0133715675856     	-1.217400131013e-01
0.0133897405156     	-1.217408571416e-01
0.0134079126344     	-1.217417621147e-01
0.0134260839571     	-1.217422028919e-01
0.0134442545535     	-1.217423382837e-01
0.0134624244507     	-1.217424566534e-01
0.0134805937283     	-1.217419730568e-01
0.0134987624302     	-1.217415521341e-01
0.013516930614      	-1.217407575434e-01
0.0135350983508     	-1.217396486495e-01
0.013553265693      	-1.217386325730e-01
0.0135714327233     	-1.217370922638e-01
0.0135895994826     	-1.217356707249e-01
0.0136077660807     	-1.217340386926e-01
0.0136259325536     	-1.217321550106e-01
0.0136440990041     	-1.217305240974e-01
0.0136622654828     	-1.217285051954e-01
0.0136804320818     	-1.217266903892e-01
0.0136985988417     	-1.217248403035e-01
0.0137167658564     	-1.217228030496e-01
0.0137349331234     	-1.217211447986e-01
0.0137531007278     	-1.217192146744e-01
0.0137712686675     	-1.217175326266e-01
0.0137894370043     	-1.217159583002e-01
0.0138076057236     	-1.217142298055e-01
0.0138257748653     	-1.217129656645e-01
0.0138439444275     	-1.217115242506e-01
0.01386211439       	-1.217103430993e-01
0.013880284784      	-1.217093734607e-01
0.0138984556094     	-1.217082460683e-01
0.0139166268421     	-1.217076090643e-01
0.0139347985163     	-1.217068488363e-01
0.0139529705968     	-1.217063016937e-01
0.0139711431108     	-1.217060260750e-01
0.0139893160053     	-1.217055591111e-01
0.0140074893044     	-1.217055683305e-01
0.014025662985      	-1.217054878102e-01
0.014043836998      	-1.217055452022e-01
0.0140620113582     	-1.217059234573e-01
0.0140801860248     	-1.217060766255e-01
0.0140983609699     	-1.217066674160e-01
0.0141165361748     	-1.217071965702e-01
0.0141347116377     	-1.217077594490e-01
0.0141528873392     	-1.217086582926e-01
0.0141710632941     	-1.217092705685e-01
0.0141892394622     	-1.217102261861e-01
0.0142074158652     	-1.217111024274e-01
0.014225592472      	-1.217118611260e-01
0.0142437692963     	-1.217129089590e-01
0.0142619463058     	-1.217135762444e-01
0.0142801235311     	-1.217144453456e-01
0.014298300944      	-1.217151896716e-01
0.0143164785671     	-1.217156559685e-01
0.0143346564515     	-1.217163434600e-01
0.0143528346067     	-1.217165702098e-01
0.0143710130616     	-1.217168712664e-01
0.0143891917843     	-1.217170331574e-01
0.0144073708344     	-1.217168066725e-01
0.0144255501864     	-1.217167674966e-01
0.0144437298975     	-1.217162476880e-01
0.0144619099467     	-1.217157218818e-01
0.0144800904086     	-1.217150970104e-01
0.0144982712657     	-1.217140374366e-01
0.0145164525683     	-1.217131809350e-01
0.0145346342993     	-1.217118877436e-01
0.0145528165274     	-1.217105579612e-01
0.0145709992744     	-1.217092232951e-01
0.0145891825447     	-1.217074753982e-01
0.0146073663746     	-1.217059855944e-01
0.014625550805      	-1.217041580805e-01
0.0146437358478     	-1.217022921307e-01
0.0146619215589     	-1.217005477895e-01
0.0146801079493     	-1.216984348358e-01
0.0146982950581     	-1.216966374555e-01
0.0147164828805     	-1.216946201622e-01
0.0147346714693     	-1.216925649609e-01
0.0147528608412     	-1.216907573979e-01
0.0147710509997     	-1.216886359999e-01
0.0147892419926     	-1.216868726825e-01
0.0148074337992     	-1.216850174634e-01
0.0148256264676     	-1.216831219095e-01
0.0148438200012     	-1.216815928376e-01
0.0148620144168     	-1.216798098776e-01
0.0148802097354     	-1.216784192687e-01
0.0148984059693     	-1.216770740002e-01
0.0149166031473     	-1.216756991978e-01
0.0149348012732     	-1.216747937006e-01
0.0149530003871     	-1.216736952030e-01
0.0149712004607     	-1.216729906278e-01
0.0149894015573     	-1.216724312209e-01
0.0150076036691     	-1.216718076241e-01
0.0150258067957     	-1.216716776843e-01
0.0150440109568     	-1.216713514106e-01
0.0150622161345     	-1.216713462615e-01
0.015080422362      	-1.216715187097e-01
0.0150986296282     	-1.216715557659e-01
0.0151168378958     	-1.216720737068e-01
0.0151350472087     	-1.216723948685e-01
0.015153257514      	-1.216729661185e-01
0.0151714688443     	-1.216737669501e-01
0.0151896811789     	-1.216743867728e-01
0.0152078944847     	-1.216754784971e-01
0.0152261087707     	-1.216763781276e-01
0.0152443240367     	-1.216774261484e-01
0.0152625402697     	-1.216787053298e-01
0.0152807574502     	-1.216797090511e-01
0.0152989755949     	-1.216811036968e-01
0.015317194681      	-1.216822677814e-01
0.0153354147507     	-1.216834329687e-01
0.0153536357508     	-1.216848040899e-01
0.0153718577262     	-1.216858016324e-01
0.0153900806431     	-1.216871050193e-01
0.0154083045232     	-1.216881579261e-01
0.0154265293353     	-1.216890888437e-01
0.0154447551053     	-1.216902170838e-01
0.0154629818217     	-1.216909152903e-01
0.0154812094333     	-1.216918640523e-01
0.0154994379671     	-1.216925993064e-01
0.0155176674011     	-1.216931455620e-01
0.0155358977055     	-1.216939343959e-01
0.0155541288969     	-1.216942968772e-01
0.0155723609285     	-1.216948973984e-01
0.0155905938235     	-1.216953517842e-01
0.0156088275621     	-1.216955729448e-01
0.0156270621196     	-1.216960684555e-01
0.0156452975147     	-1.216961324007e-01
0.0156635337025     	-1.216963899064e-01
0.0156817707156     	-1.216965457043e-01
0.0157000085008     	-1.216964248911e-01
0.0157182470991     	-1.216966178456e-01
0.0157364864619     	-1.216964117493e-01
0.0157547266253     	-1.216964050327e-01
0.0157729675517     	-1.216963951238e-01
0.0157912092672     	-1.216961365126e-01
0.0158094517349     	-1.216962725085e-01
0.0158276949856     	-1.216960834484e-01
0.0158459389726     	-1.216961163421e-01
0.0158641836959     	-1.216962498192e-01
0.015882429141      	-1.216961593969e-01
0.0159006753122     	-1.216965235966e-01
0.0159189221717     	-1.216966231756e-01
0.0159371631215     	-1.216969569960e-01
0.0159553688622     	-1.216975229802e-01
0.0159735411319     	-1.216978622514e-01
0.01599168147       	-1.216986651309e-01
0.0160097915822     	-1.216992286113e-01
0.0160278727901     	-1.216999879078e-01
0.0160459262548     	-1.217009786363e-01
0.0160639531293     	-1.217017585289e-01
0.0160819547805     	-1.217030150426e-01
0.0160999325012     	-1.217040897798e-01
0.0161178875742     	-1.217053356970e-01
0.0161358212634     	-1.217068352317e-01
0.0161537349282     	-1.217081301433e-01
0.016171629676      	-1.217098652220e-01
0.0161895065428     	-1.217114501585e-01
0.0162073660738     	-1.217131854538e-01
0.0162252090817     	-1.217152136113e-01
0.0162430363621     	-1.217170182818e-01
0.0162608483689     	-1.217192064437e-01
0.0162786471899     	-1.217213217757e-01
0.016296435066      	-1.217235233852e-01
0.0163142130186     	-1.217259509527e-01
0.0163319817157     	-1.217281459047e-01
0.0163497418346     	-1.217307191398e-01
0.0163674936323     	-1.217332145707e-01
0.0163852374539     	-1.217356823383e-01
0.0164029737045     	-1.217383800796e-01
0.016420702805      	-1.217408345450e-01
0.0164384251009     	-1.217436777007e-01
0.0164561409385     	-1.217463146032e-01
0.0164738506322     	-1.217489076247e-01
0.0164915545195     	-1.217516542975e-01
0.0165092529595     	-1.217541751403e-01
0.0165269461392     	-1.217570006665e-01
0.0165446342358     	-1.217595616325e-01
0.0165623174983     	-1.217620175268e-01
0.0165799960834     	-1.217645591199e-01
0.0165976700285     	-1.217669149489e-01
0.0166153393929     	-1.217695198195e-01
0.0166330042073     	-1.217718807684e-01
0.0166506645812     	-1.217741327757e-01
0.0166683207725     	-1.217764698319e-01
0.0166859730831     	-1.217786807532e-01
0.0167036217906     	-1.217811899017e-01
0.0167212671559     	-1.217835254910e-01
0.0167389094211     	-1.217857873645e-01
0.0167565487948     	-1.217881630035e-01
0.0167741855579     	-1.217904512721e-01
0.0167918205214     	-1.217930762396e-01
0.0168094538593     	-1.217956283801e-01
0.0168270849517     	-1.217981177060e-01
0.0168447132237     	-1.218007482083e-01
0.016862340941      	-1.218033070506e-01
0.0168799692467     	-1.218061742205e-01
0.0168975998076     	-1.218090987240e-01
0.0169152335518     	-1.218119292883e-01
0.0169328699693     	-1.218149129739e-01
0.0169505080069     	-1.218178328103e-01
0.0169681467254     	-1.218209967610e-01
0.0169857855577     	-1.218243013736e-01
0.017003424231      	-1.218275228097e-01
0.0170210626562     	-1.218308390851e-01
0.017038700774      	-1.218341031558e-01
0.0170563385332     	-1.218375216250e-01
0.0170739758958     	-1.218410983810e-01
0.017091612882      	-1.218446977643e-01
0.0171092495163     	-1.218483344844e-01
0.0171268858121     	-1.218519556696e-01
0.0171445217743     	-1.218556837950e-01
0.0171621572246     	-1.218595204287e-01
0.0171797922326     	-1.218634860185e-01
0.0171974270492     	-1.218674952231e-01
0.0172150618272     	-1.218714581140e-01
0.017232696596      	-1.218755087837e-01
0.0172503313493     	-1.218795990954e-01
0.0172679660757     	-1.218838005256e-01
0.0172856007647     	-1.218880937670e-01
0.0173032354132     	-1.218922845396e-01
0.0173208700245     	-1.218965200613e-01
0.0173385046057     	-1.219007322811e-01
0.0173561391641     	-1.219049776470e-01
0.0173737737095     	-1.219093367249e-01
0.017391408267      	-1.219135760949e-01
0.0174090428524     	-1.219177915873e-01
0.0174266774854     	-1.219219547532e-01
0.0174443121938     	-1.219260869673e-01
0.0174619470067     	-1.219303013970e-01
0.017479581952      	-1.219344305366e-01
0.0174972170578     	-1.219384828255e-01
0.0175148523549     	-1.219424566660e-01
0.01753248788       	-1.219463642922e-01
0.0175501236778     	-1.219503099252e-01
0.0175677597871     	-1.219542171137e-01
0.0175853962466     	-1.219580286592e-01
0.0176030331321     	-1.219617446359e-01
0.0176206705496     	-1.219653966031e-01
0.0176383085892     	-1.219690639384e-01
0.0176559473369     	-1.219727224421e-01
0.0176735868807     	-1.219763238641e-01
0.0176912273079     	-1.219798210123e-01
0.0177088687056     	-1.219832740052e-01
0.0177265111625     	-1.219867399958e-01
0.0177441547712     	-1.219902055975e-01
0.0177617996701     	-1.219936671940e-01
0.0177794459635     	-1.219970301276e-01
0.0177970937524     	-1.220003478546e-01
0.0178147431446     	-1.220036796554e-01
0.0178323942581     	-1.220070122324e-01
0.0178500472193     	-1.220103698296e-01
0.0178677021641     	-1.220136575123e-01
0.0178853592343     	-1.220168912260e-01
0.0179030185735     	-1.220201372176e-01
0.0179206803275     	-1.220233850892e-01
0.0179383446427     	-1.220266705334e-01
0.0179560116652     	-1.220299209326e-01
0.0179736815412     	-1.220331113573e-01
0.0179913544184     	-1.220363009690e-01
0.0180090304454     	-1.220394861461e-01
0.0180267097723     	-1.220427104945e-01
0.0180443925504     	-1.220459256480e-01
0.0180620789315     	-1.220490811905e-01
0.0180797690677     	-1.220522155117e-01
0.01809746311       	-1.220553371286e-01
0.0181151612069     	-1.220584908113e-01
0.018132863503      	-1.220616509735e-01
0.0181505701402     	-1.220647575488e-01
0.0181682812746     	-1.220678138092e-01
0.0181859970891     	-1.220708427900e-01
0.0182037177678     	-1.220738903996e-01
0.0182214434574     	-1.220769522130e-01
0.0182391742581     	-1.220799817065e-01
0.0182569102832     	-1.220829448120e-01
0.0182746516582     	-1.220858698759e-01
0.0182923985382     	-1.220887990940e-01
0.0183101510685     	-1.220917408093e-01
0.0183279093795     	-1.220946644496e-01
0.0183456735997     	-1.220975049798e-01
0.0183634437311     	-1.221002725883e-01
0.0183812199104     	-1.221030104158e-01
0.0183990022236     	-1.221057269822e-01
0.0184167906944     	-1.221084155053e-01
0.0184345853993     	-1.221110054568e-01
0.0184523866186     	-1.221134705771e-01
0.0184701947047     	-1.221158654945e-01
0.0184880098615     	-1.221181984676e-01
0.0185058319431     	-1.221204880563e-01
0.018523660506      	-1.221226858282e-01
0.0185414949178     	-1.221247259391e-01
0.0185593347464     	-1.221266661680e-01
0.0185771798991     	-1.221285174230e-01
0.0185950304361     	-1.221303103504e-01
0.0186128865059     	-1.221320178372e-01
0.0186307482813     	-1.221335546912e-01
0.0186486159206     	-1.221349687328e-01
0.0186664895504     	-1.221362848043e-01
0.0186843692575     	-1.221375286266e-01
0.0187022551077     	-1.221387013218e-01
0.0187201472001     	-1.221397142458e-01
0.0187380456711     	-1.221405884960e-01
0.0187559508717     	-1.221413624032e-01
0.0187738628603     	-1.221420564254e-01
0.0187917815854     	-1.221426823168e-01
0.0188097069894     	-1.221431674879e-01
0.0188276389629     	-1.221435063988e-01
0.0188455773481     	-1.221437418175e-01
0.0188635222029     	-1.221438912180e-01
0.0188814737662     	-1.221439686303e-01
0.0188994322827     	-1.221439265811e-01
0.0189173979742     	-1.221437428194e-01
0.0189353709931     	-1.221434474399e-01
0.0189533513533     	-1.221430665124e-01
0.0189713390181     	-1.221426125391e-01
0.0189893341545     	-1.221420604853e-01
0.0190073367712     	-1.221413916422e-01
0.0190253468432     	-1.221406078323e-01
0.0190433644212     	-1.221397358505e-01
0.0190613895615     	-1.221387920429e-01
0.0190794222241     	-1.221377630105e-01
0.0190974623426     	-1.221366364546e-01
0.0191155098536     	-1.221353900727e-01
0.0191335579751     	-1.221340486023e-01
0.0191516046161     	-1.221326173850e-01
0.0191696498285     	-1.221310875691e-01
0.0191876936441     	-1.221294527855e-01
0.0192057361201     	-1.221276854754e-01
0.0192237772928     	-1.221257854913e-01
0.0192418172086     	-1.221237785060e-01
0.0192598558957     	-1.221216701146e-01
0.0192778934016     	-1.221194644154e-01
0.0192959297609     	-1.221171290281e-01
0.0193139650275     	-1.221146507456e-01
0.0193319992332     	-1.221120536009e-01
0.0193500324354     	-1.221093514257e-01
0.0193680646574     	-1.221065468157e-01
0.0193860959525     	-1.221036114494e-01
0.0194041263515     	-1.221005284118e-01
0.0194221559015     	-1.220973159125e-01
0.0194401846349     	-1.220939873112e-01
0.0194582125933     	-1.220905606228e-01
0.0194762398159     	-1.220870084068e-01
0.0194942663454     	-1.220832945151e-01
0.0195122922217     	-1.220794392759e-01
0.0195303174834     	-1.220754720869e-01
0.0195483421717     	-1.220714192775e-01
0.0195663663302     	-1.220672298165e-01
0.0195843899934     	-1.220628876638e-01
0.0196024132122     	-1.220584310843e-01
0.0196204360193     	-1.220539032270e-01
0.0196384584676     	-1.220493087054e-01
0.0196564805898     	-1.220445923274e-01
0.0196745024391     	-1.220397732143e-01
0.0196925240488     	-1.220348893341e-01
0.0197105454719     	-1.220299725395e-01
0.0197285667428     	-1.220249925628e-01
0.0197465879121     	-1.220199199235e-01
0.0197646090183     	-1.220147838043e-01
0.0197826301082     	-1.220096185514e-01
0.0198006512234     	-1.220044363244e-01
0.0198186724108     	-1.219991935497e-01
0.0198366937085     	-1.219938808229e-01
0.0198547151626     	-1.219885338359e-01
0.0198727368111     	-1.219831844168e-01
0.0198907586974     	-1.219778341299e-01
0.0199087808612     	-1.219724370495e-01
0.0199268033452     	-1.219669913231e-01
0.0199448261904     	-1.219615333587e-01
0.0199628494416     	-1.219560971189e-01
0.0199808731367     	-1.219506763269e-01
0.0199988973149     	-1.219452331366e-01
