LVI          1000                  2000                  3000                   4000                   5000                  6000
0            8.66347262391503      7.12851533765004      12.4835257531395       0.256666930200037      12.9469798348991      -2.12277342660041
0            -14.1431702320347     -13.0793280424127     4.13474630580751       -2.93914527256         17.1885510250525      104.417323707373
0.741129351  9.44496953509378      11.2013572353125      16.6307287925313       9.36482691250002       20.8934845316667      9.27947246833338
0.887082921  -14.261906744506      -13.119539006226      3.99958563311498       -2.87028627961001      17.176112928555       104.67034374118
1.4822587    8.61815771305998      10.53160373015        15.8431047618575       8.64542166212501       19.9560152951         8.59522075716664
1.77416584   -14.3774975501455     -13.1649124272233     3.87947621400999       -2.79134454210998      17.1643103982567      104.91466864409
2.22338805   7.87124705935249      9.90449142721247      15.0922802347337       7.964643888625         19.0603802287167      7.94262971928329
2.66124876   -14.490786966626      -13.214847459954      3.77741272261999       -2.70216718094         17.15296634504        105.16058053056
2.9645174    7.17040478183002      9.30786388600005      14.37510081243         7.32071820160003       18.1875921190667      7.32447435640001
3.54833168   -14.602427137518      -13.2686423130055     3.69103054362666       -2.6026427710275       17.1419554658625      105.402146635057
3.70564675   6.5521484935225       8.75092715346252      13.6896030184625       6.69662481342502       17.3513338193333      6.74493952346666
4.4354146    -14.7132092069215     -13.3258410886165     3.6184895633           -2.49265717863999      17.131243897745       105.63926914721
4.4467761    5.98551695010001      8.23213163262498      13.0381134426833       6.12179964500002       16.5626129945         6.18093516266666
5.18790545   5.50552774410373      7.73634576824999      12.41339443979         5.5659227710625        15.80537951035        5.64573219455
5.32249752   -14.823113157097      -13.385882459922      3.56142164894001       -2.37219906947501      17.1209168335575      105.87203611403
5.92903481   5.08819594136527      7.26811066178001      11.8043023808028       5.04322839628501       15.0688795092767      5.1388053040767
6.20958044   -14.932381847189      -13.448142150563      3.51633454802001       -2.24117007467001      17.1110504097467      106.09992544502
6.67016416   4.75495957175549      6.82700960008001      11.214499569808        4.552842638235         14.35520540379        4.65967757788669
7.09666337   -15.0409339663857     -13.5119643438118     3.48493153312666       -2.0995364488725       17.10146635233        106.32370103885
7.41129351   4.47871084902048      6.4122972427975       10.648459065317        4.093541648635         13.6699664666425      4.20847136409499
7.98374629   -15.1468216317025     -13.576636022828      3.465072208835         -1.94738985765498      17.09236728502        106.542441214766
8.15242286   4.263641083832        6.02055927408001      10.105370512032        3.65870818720001       13.01057236912        3.79120695696
8.87082921   -15.2547685589067     -13.641392196227      3.45501575071001       -1.78511178133002      17.08370070723        106.75628388206
8.89355221   4.08133153418175      5.65398566952748      9.58441251823699       3.25527422770248       12.37769351118        3.39552476417999
9.63468156   3.943968449875        5.30357600674001      9.09760920465001       2.87876697548          11.77003468332        3.02255707448001
9.75791213   -15.3621857684        -13.70547205618       3.45421830047999       -1.61226179152001      17.0753809486933      106.965108142032
10.3758109   3.81414525146874      4.97531176079004      8.61862557959001       2.53369184421501       11.1787846893967      2.67636415238
10.644995    -15.468882348464      -13.7686073493624     3.46190352727          -1.43105593206998      17.0676770763267      107.168769008486
11.1169403   3.68491529382201      4.66359328451         8.15962847391798       2.21080055688998       10.6222367052667      2.35509207621335
11.532078    -15.5745684391485     -13.8298976256625     3.47709671626668       -1.23696406392001      17.06016831162        107.367133943357
11.8580696   3.54616841301374      4.377948395705        7.73210061234924       1.91593593922749       10.0761690657         2.06017421722665
12.4191609   -15.6788719762545     -13.8869657576155     3.49890946008499       -1.0346696822275       17.05320493027        107.561246205811
12.599199    3.39504294804001      4.10141080114667      7.32362981710052       1.64139853404502       9.5580128889          1.79062684932
13.3062438   -15.778849011459      -13.940024234788      3.52730763073334       -0.823410912586609     17.04663206932        107.750449403558
13.3403283   3.23184069842201      3.84228234772502      6.92179299244151       1.40152245062002       9.06687662935001      1.5547484251
14.0814577   3.06513347881599      3.5971394147          6.54953456376998       1.18409851349333       8.58282570101331      1.33798142503999
14.1933267   -15.8795324501267     -13.9882344114147     3.56104175170499       -0.601810501665008     17.04037375244        107.934130312208
14.822587    2.89533331425874      3.3672490029925       6.19453554126849       0.996235475384994      8.12677132361497      1.14908996776
15.0804097   -15.9788065127345     -14.031686500672      3.59904841990001       -0.373870252993322     17.03459560495        108.109618736923
15.5637164   2.7335420013305       3.15202000508501      5.85735640413001       0.831577181640008      7.69215465058002      0.989796691440002
15.9674926   -16.0761909456578     -14.0673363840913     3.64204878133001       -0.132722624787464     17.0291035417733      108.279016906368
16.3048457   2.57813184899226      2.95110510513501      5.53541359573876       0.693669452579998      7.27133648633998      0.867795172323342
16.8545755   -16.1817174072267     -14.095704598022      3.68799608601999       0.1107062878133        17.02393149728        108.442122482344
17.0459751   2.43267490801         2.76427035447001      5.238797683617         0.580992076159993      6.87935497196         0.796942788320011
17.1465221   -15.54942157          -14.61824015          6.7535928              1.900054               20.1616227            113.94724073
17.1465221   -16.21607338          -14.1024277           3.69923790000001       0.175813999999999      17.0226569            108.48827096
17.7416584   -15.5762498599253     -14.6355443420758     6.78738979578536       2.07527629658203       20.1469015677997      114.039373299739
17.7871044   2.296150696442        2.58901682386665      4.95041375563374       0.493827301369995      6.50025858559999      0.773683121645008
18.5282338   2.171886489482        2.422777353465        4.68591843731502       0.433232262989986      6.144742389195        0.680825646446669
18.6287413   -4.91375007809306     -4.015542264606       13.6205442247317       9.96670376040938       30.7037534034139      115.875422709348
19.2693631   2.05587531538626      2.27034328138         4.43210133992901       0.400196903380012      5.80785455934001      0.565106780350005
19.5158243   -0.407434309270655    -1.63977690949682     9.39751127961029       7.37171561047426       26.7570409123797      109.560394144729
20.0104925   1.95069173372         2.12829826384         4.20485129982399       0.400669443999999      5.50183096384         0.432555666879998
20.4029072   0.106676349551344     -0.253129190548527    5.63809025297617       4.98077182969132       22.9621792750231      103.184520723401
20.7516218   1.85225958261224      1.99156577276249      3.99795254920899       0.373266617259986      5.20024932614999      0.295526705073338
21.2899901   0.109039389278056     0.210248437039787     2.76889331494919       3.11747688779866       19.2229311884991      96.7710672198665
21.4927512   1.756709975395        1.86626297017501      3.818811955048         0.325240781149987      4.93060283695         0.149090243685001
22.177073    0.115985596394617     0.233687353325353     1.08025509855435       1.7604052734834        15.858209018094       90.3429332314515
22.2338805   1.6691933618975       1.74866811794         3.65569848248675       0.265420433373336      4.69037882441501      -0.000763856043326086
22.9750099   1.59011753399999      1.64480177008         3.519695667416         0.199707854680004      4.41835720912         -0.153652019560002
23.0641559   0.126985668804089     0.22489030692674      0.460826011159064      0.902012240396987      12.7615495114912      83.9180088675052
23.7161392   1.51934413984         1.5573198968825       3.39303234457898       0.12949490469748       4.15342437149331      -0.310844633016663
23.9512389   0.141271147055129     0.217377025548645     0.430268640162351      0.483256266430893      9.97156701928025      77.5137140423116
24.4572686   1.49996694077         1.49998470405002      3.2287162028405        0.0532265277199913     3.89684955244501      -0.475590504685009
24.8383218   0.157259287063716     0.20960958621648      0.425428437226408      0.354645937349604      7.51944873056347      71.1525588101534
25.1983979   1.50837257782         1.45293636949999      3.041998041876         -0.0259721498933213    3.61697407293333      -0.647856859300009
25.7254047   0.173355688269687     0.201512496027135     0.417729800059024      0.324019560065295      5.43982764174546      64.8667857215605
25.9395273   1.4730783245575       1.37860144153665      2.87208747075275       -0.114637216395015     3.35562712086001      -0.834941157689987
26.6124876   0.184882322275807     0.193054650468039     0.409720970739261      0.309041094723259      3.75766872250458      58.6902309763556
26.6806566   1.40812629710499      1.28996927945501      2.6958647593505        -0.224139663804992     3.09848453602666      -1.06685942705501
27.421786    1.33445327415502      1.19405561637251      2.52845748393152       -0.325554452622499     2.86016722824         -1.29422381236966
27.4995705   0.19131264187803      0.18436198816511      0.401743056148523      0.295825720766181      2.49009292847404      52.6561194471488
28.1629153   1.24489473489         1.0876066252          2.36940443571302       -0.395574731893343     2.62618136102667      -1.462032825337
28.3866535   0.193690438441641     0.175457224086684     0.393849707798377      0.281554552733898      1.63908736046193      46.8009394871131
28.9040447   1.154293124715        0.985404754930001     2.218318043415         -0.458717565653336     2.40453469108749      -1.6257230644615
29.2737364   0.190964634919845     0.166341364534819     0.386012914501756      0.267370984713576      1.1738560947416       41.1560111365636
29.645174    1.06770895433         0.884913166779981     2.07477859132949       -0.510555940024002     2.19795139736666      -1.77589227272733
30.1608193   0.184092360522118     0.157065779022712     0.378251503318053      0.253186998126359      1.00954404187693      35.7573367284022
30.3863034   0.980663546555006     0.790335066910004     1.93873780899326       -0.556163083352003     1.99695641980333      -1.92466962985398
31.0479022   0.173935713741841     0.147602769023943     0.370545036351221      0.239316197426975      0.995037457762053     30.6385266303732
31.1274327   0.898057686640008     0.697228008199992     1.80991114202399       -0.595624308368002     1.80664856944         -2.07118679189868
31.8685621   0.815754265725001     0.608258311717509     1.6847175137865        -0.628601529295731     1.62681337292001      -2.21542213474633
31.9349851   0.1617703578082       0.138319724467685     0.362870095060003      0.225787981339294      1.00045507444121      25.8328182895958
32.6096914   0.738496871684998     0.524776078946656     1.569248533901         -0.655220518214002     1.46207670012         -2.3568874984735
32.8220681   0.148742983988559     0.129113924648802     0.355202814009506      0.212616053795966      0.998950641214193     21.365257017145
33.3508208   0.664419082397493     0.446021412504997     1.45693609690251       -0.675690090949007     1.30247151858333      -2.49492904860424
33.709151    0.135665659746679     0.119999558552052     0.34752344737864       0.1998225588325        0.995319173227355     17.2090997144859
34.0919501   0.592717018900003     0.37164096497999      1.350535762096         -0.690031304903008     1.15292057156001      -2.63028845345198
34.5962339   0.123073801084247     0.110973769936507     0.339812523472909      0.18742355316499       0.990687656346578     13.5441491165948
34.8330795   0.525073290490007     0.304088787550005     1.24965918744651       -0.69836708822599      1.01330323031         -2.76530392962768
35.4833168   0.111340772872369     0.102044569223362     0.332049293599819      0.175426209425335      0.985484977955319     10.3104289470979
35.5742088   0.462548060520014     0.242466016304999     1.1538719709415        -0.701013065933992     0.883465401146663     -2.89809038026066
36.3153382   0.40483514919001      0.187218218352515     1.06266941573576       -0.698565645666007     0.763208945113336     -3.028751440316
36.3703997   0.10061748366314      0.0933108732378169    0.324215573752677      0.163839920821847      0.979898332792291     7.52996243336108
37.0564675   0.35071356887999      0.140349441160011     0.973371165826         -0.691483006040013     0.653140831659999     -3.15718033060267
37.2574827   0.0909740299407713    0.0848151289475209    0.316299518504791      0.152677414738195      0.97401631880927      5.21794124913236
37.7975969   0.301811464702492     0.101417172806658     0.891452146595489      -0.678829627315005     0.554169790157495     -3.28075015840825
38.1445656   0.0824455791082146    0.076632244118533     0.308306505470988      0.141943641774007      0.967883784345482     3.38483954974299
38.5387262   0.258284159695002     0.0718481062700012    0.812600726240998      -0.660699261301998     0.465851957699997     -3.40052747938599
39.0316485   0.0749649926403217    0.0688237581940484    0.300246747205194      0.131644188480845      0.961524108653292     2.02856018428967
39.2798556   0.220904808377498     0.0522001858174917    0.740506152293252      -0.638048860737486     0.38734298886334      -3.51714699387533
39.9187314   0.0684428220714472    0.0614393101268215    0.292146081863713      0.12178501889469       0.954947703223515     1.13047113314128
40.0209849   0.187309357520004     0.0436653147999896    0.671149338012998      -0.610552422327994     0.319649040053337     -3.63095054340399
40.7621143   0.158176006387497     0.046419941219996     0.606872762791987      -0.579719599567994     0.262810466009993     -3.74112822148266
40.8058144   0.0627708770282188    0.0545114439652971    0.284025054647413      0.112361539941063      0.948157655162228     0.642095313845188
41.5032436   0.133086607495017     0.0476069819149998    0.546852941009987      -0.546066128332008     0.216910357125002     -3.84772686160466
41.6928973   0.0578347121599945    0.0480574627684255    0.275886140287505      0.103391048407517      0.941158958127257     0.464206203307607
42.244373    0.112095175599985     0.0401020787525049    0.489850903330007      -0.509651207121002     0.182665585530005     -3.95079530395201
42.5799802   0.053511984147568     0.0421112489464722    0.267783491065624      0.0948340777067206     0.933938027067765     0.446640466287863
42.9855023   0.0935257502000022    0.0251420245999907    0.436563016960004      -0.472113650341329     0.158346435733329     -4.05080551991201
43.4670631   0.0496849817491893    0.0366691543926281    0.259676871465461      0.086737395512755      0.926502724477454     0.46574814741961
43.7266317   0.0779024457549967    0.0049227005875       0.386804324337485      -0.432664606088991     0.145177321576659     -4.1479197812065
44.354146    0.0462615985254088    0.0317502869449818    0.25154787002274       0.0790542809393955     0.918831633380716     0.484147052506203
44.467761    0.063956393829998     -0.0195724255024979   0.340414398094988      -0.393412606898753     0.143468646274996     -4.24192854900767
45.2088904   0.0520634523100016    -0.04717707866001     0.296198879139993      -0.354503209917995     0.149224561346666     -4.331244544252
45.241229    0.0431358973994793    0.027345971133167     0.243388908504057      0.0718161458223767     0.910939785723575     0.501418927573104
45.9500197   0.0413067099625041    -0.076704473732505    0.256264369519995      -0.315584359853005     0.144181302732497     -4.41725784844501
46.1283119   0.0402318298164901    0.023455782871577     0.235167353443016      0.0649997916013235     0.902809685486776     0.519030636646101
46.6911491   0.0298515770700033    -0.107186810839994    0.219381534560016      -0.278989884891998     0.129195957853328     -4.50000541712601
47.0153948   0.0374827361752687    0.0200624338963098    0.226906813776877      0.0585909752291482     0.8944367990725       0.537086590587409
47.4322784   0.0351541453399841    -0.137808029600012    0.184694552839996      -0.243416771092248     0.106340275350012     -4.58075997844726
47.9024777   0.0348365597189259    0.0171665837978944    0.218585070152738      0.0526102659340104     0.88580873172218      0.555634449753605
48.1734078   0.0656223386600177    -0.168019126659987    0.15294960076001       -0.210054772840012     0.0761306463800138    -4.65800449819201
48.7895606   0.0322549913928815    0.0147551321800129    0.21020514164606       0.0470189880688704     0.876946372571736     0.574694226036692
48.9145371   0.018904753517505     -0.196906072889993    0.124936604849994      -0.179487126989261     0.040391920419992     -4.731066500153
49.6556665   0.00904480411000259   -0.22394946616501     0.0990767878866754     -0.151332894039995     0.000157282180007314  -4.80099385375934
49.6766436   0.0297075444279035    0.0128157131092012    0.201785201189094      0.0418361518276652     0.867821576983988     0.59425355672749
50.3967958   0.0641954836449877    -0.248736908042498    0.0762404549100029     -0.126184619155756     -0.0442263384099933   -4.86969804672967
50.5637265   0.0271861047000129    0.0113346345748578    0.193339723418176      0.0370356195453787     0.858434745654522     0.614345102305699
51.1379252   0.0366850794600323    -0.271544360240005    0.0564859586266684     -0.104318560234024     -0.0921894654399948   -4.93333499751201
51.4508094   0.0246807200473559    0.0103071421324275    0.184886370627282      0.0326067377781146     0.848791592003443     0.634932150729364
51.8790545   0.0353415604300244    -0.291149143765011    0.0398871461133385     -0.0849805334270059    -0.143239812203319    -4.99510102515075
52.3378923   0.0221969076810638    0.00972049751578015   0.176444369345452      0.0285388593987591     0.838915813090294     0.655992659950964
52.6201839   0.058296229894986     -0.308446174985002    0.0265298102899978     -0.0687479778286652    -0.196235169624997    -5.05304637649399
53.2249752   0.0197460249484138    0.00956938077445375   0.16803388477728       0.0248169969881274     0.828797787470729     0.677489901301262
53.3613132   -0.0171697675350297   -0.322889216864991    0.0166268905333418     -0.0550275635837461    -0.25198796477        -5.10807294614824
54.1024426   0.0494610587600328    -0.334339562666661    0.0102154086399969     -0.0440289458560001    -0.309228688639996    -5.160227772896
54.1120582   0.0173008605015784    0.00984897971608734   0.159661247680007      0.021424757295812      0.818461363888811     0.699352251568053
54.8435719   -0.0465230246974388   -0.343362766066653    0.00775721668750339    -0.0352793503629946    -0.36776739424        -5.20962003704725
54.9991411   0.0146975181449961    0.0105591510605736    0.151371602075         0.0183451935497433     0.807894082412182     0.721632977045447
55.5847013   0.0375659564850212    -0.349488289703324    0.00899044095499266    -0.0286393609684892    -0.428120351633348    -5.25479438663866
55.886224    0.116087267139475     0.011699456830378     0.143172927111184      0.0155628422249283     0.797130248859437     0.744202180658991
56.3258307   -0.0358853037025401   -0.353214804827323    0.00874897074249748    -0.0238299884706648    -0.489124480180006    -5.29763885692868
56.7733069   0.00967187811486656   0.0132869637314579    0.135084363945876      0.0130622653022438     0.786162567041465     0.767038152735739
57.06696     0.0245174242800131    -0.354489639245992    0.00538771769333107    -0.0205331101186603    -0.551547646253326    -5.33684700490799
57.6603898   -0.142021424762643    0.0153359340781608    0.127105966662362      0.0108350614054361     0.774999793713098     0.790068773947336
57.8080894   -0.0616428061124461   -0.35354197417949     -0.000847473903326318  -0.018507672495005     -0.613319171693322    -5.37258178773799
58.5474728   -0.0287878251215298   0.0178198650726699    0.119298445487046      0.00885915211758402    0.763648807466307     0.813283638111578
58.5492187   0.0128247294600005    -0.350715434203506    -0.0098736896400078    -0.0175951601739944    -0.676788334715005    -5.406397210478
59.2903481   -0.125218716419971    -0.346334968832991    -0.0217605446175003    -0.0177018500737468    -0.740787639707487    -5.43998663944934
59.4345557   0.174643901746313     0.0206771914043638    0.111642895097277      0.00712805705334176    0.752114824365839     0.836539152173005
60.0314774   0.0078147292399226    -0.340634927817999    -0.0360287416799983    -0.0185076025340095    -0.805133043999987    -5.469365375576
60.3216386   -0.0322182372326497   0.0240582416446414    0.104149957892936      0.00562999781908002    0.740432920396837     0.859872123403999
60.7726068   -0.062590354450047    -0.333729444221986    -0.0531329963099997    -0.0199141490076727    -0.869696461479995    -5.49618685025501
61.2087215   -0.165109196115882    0.0278599707493995    0.0968527954047022     0.00435423445703054    0.728540466481572     0.88311107194089
61.5137361   -0.0907191988099949   -0.325855158884995    -0.0719664937199996    -0.0218016253946698    -0.934358630099989    -5.51957557053733
62.0958044   0.107531896107699     0.0320445847262308    0.0897675160982471     0.00329085053129529    0.716501401552727     0.906225559501429
62.2548655   -0.0270620740175073   -0.31726936541067     -0.0932478225425002    -0.0241723719642469    -0.998987915680002    -5.53951273508166
62.9828874   0.013443912566654     0.0364762026420212    0.0828844852146867     0.00243310670839855    0.704281831075001     0.929152308457909
62.9959948   -0.128247642429968    -0.308190398060004    -0.116696413969999     -0.0269451499466668    -1.06328304764        -5.55596349813601
63.7371242   -0.0500918328324769   -0.298740221999324    -0.142374281213342     -0.0303059941507527    -1.12721219822        -5.56886928054167
63.8699703   -0.212166119746165    0.0412703098251368    0.0762316119735187     0.00177428650703223    0.691879240689552     0.951819256296614
64.4782535   -0.0883550523275189   -0.288997278947994    -0.169356222805        -0.0342034202600044    -1.19068961344333     -5.57814125030499
64.7570532   0.132768815514995     0.0463552807780943    0.0697997734911769     0.00131044560531154    0.679290988713037     0.974154232681452
65.2193829   -0.138569583360033    -0.279120202981314    -0.198424160959999     -0.0387816202986724    -1.25278359096        -5.58364932702931
65.6441361   -0.0522658405743568   0.0516718696376192    0.0636144685882318     0.00103762495690899    0.6665148632606       0.996027198698663
65.9605122   -0.00821951838997484  -0.269233449339328    -0.229403641453333     -0.0438363826283312    -1.31449868157749     -5.58517778121401
66.5312191   -0.12380090302309     0.057190199031902     0.0576853654862935     0.000956137315311935   0.653549888244364     1.0174852573127
66.7016416   -0.143130712584898    -0.259654048007505    -0.261769731120003     -0.046234274360002     -1.373526925075       -5.58231947736934
67.418302    0.199842148790238     0.0628464215304703    0.0520073015885282     0.00107049010481569    0.640396754251444     1.0383846086477
67.4427709   -0.0520922222599766   -0.250737472306006    -0.2953431843          -0.0483211524590006    -1.42634963945333     -5.57480850398401
67.7884322   -0.0905496571086551   -0.499098608414599    -0.473240872768773     -1.4732911545621       -1.67800860275947     -2.77009556581677
67.7884322   -0.0906332455792872   -0.509650676381047    -0.501923666812305     -1.51150259901684      -1.73509134777234     -2.82002951933419
67.7884322   -0.0907667641612497   -0.516367070662163    -0.528303908809612     -1.547819687375        -1.78918132793714     -2.86854460142188
67.7884322   -0.090847418280624    -0.520365333249996    -0.552994112364118     -1.58306618839473      -1.84111308956071     -2.91580816435156
67.7884322   -0.0908594090456318   -0.522438489026317    -0.576214129200002     -1.61728987336841      -1.8909495498293      -2.96207938749999
67.7884322   -0.0908315500068566   -0.523243911760525    -0.598214097494565     -1.65070928595579      -1.93902671617275     -3.00736006016425
67.7884322   -0.0908144109179411   -0.523253411251571    -0.619197360196209     -1.68343172312209      -1.9853935287744      -3.0516209572735
67.7884322   -0.0908631331428041   -0.522810421742644    -0.639337375584612     -1.71547100676264      -2.03035904577738     -3.0948811242615
67.7884322   -0.0910220549471123   -0.522155307728171    -0.658834480215664     -1.74700518137502      -2.07396376970114     -3.13735561192413
67.7884322   -0.0913186625742674   -0.52142654495842     -0.677833880140373     -1.77802577128842      -2.11648973713598     -3.17896704482519
67.7884322   -0.0917698752190481   -0.520735579944216    -0.696375012286706     -1.80874471992257      -2.15797080141748     -3.21975238045174
67.7884322   -0.0923843970681046   -0.520189138446323    -0.714554388003991     -1.83904661309475      -2.1986606280992      -3.25985627648201
67.7884322   -0.0931596257372148   -0.519883962346823    -0.732434117701079     -1.86906501148894      -2.23869274187938     -3.29911604279776
67.7884322   -0.0940813174957875   -0.519895673195249    -0.750069059283778     -1.89886416033158      -2.27807442364714     -3.33769838262601
67.7884322   -0.0951277235101879   -0.520264321487368    -0.767576477488998     -1.92837172997948      -2.31696139723017     -3.37557469492877
67.7884322   -0.0911651599371835   -0.522000212420011    -0.780931261747246     -1.95625233318275      -2.35239533352654     -3.40927379599035
67.7884322   -0.0928155218645115   -0.523283029779996    -0.798832250397332     -1.98573090298621      -2.39096665205174     -3.44538390605358
67.7884322   -0.0944457746653061   -0.52476008919999     -0.81671147288206      -2.01476177551001      -2.42945245827967     -3.48114960843392
67.7884322   -0.0963620162306906   -0.526488141423557    -0.834485917523736     -2.04356214360311      -2.46785374558628     -3.51640547563782
67.7884322   -0.0980852425290068   -0.528511008511297    -0.852188461058104     -2.07214251314034      -2.50650786397669     -3.55110440041886
67.7884322   -0.0997631740040815   -0.530816800338696    -0.869772796501129     -2.100550584236        -2.5453677529756      -3.58523245439657
67.7884322   -0.101419689839269    -0.533362998730328    -0.88731230546828      -2.12880072371586      -2.58451372042731     -3.6188019751988
67.7884322   -0.103123057895267    -0.53612221607627     -0.904709135968544     -2.1567609412131       -2.623989880578       -3.65180257111162
67.7884322   -0.104851413336495    -0.539089273892503    -0.922032543485606     -2.18454480247656      -2.66409265612751     -3.68423914782571
67.7884322   -0.1066645197365      -0.54224516112094     -0.939243213952126     -2.21206206633401      -2.70498228546701     -3.71611535556447
67.7884322   -0.108565248478146    -0.545557616795806    -0.956259066652579     -2.23936156119483      -2.74663625186437     -3.74743296568222
67.7884322   -0.11058337258485     -0.548973674197419    -0.973214146846934     -2.266395081476        -2.78935603735283     -3.77810482192355
67.7884322   -0.112720250352664    -0.552483542550966    -0.990090659772192     -2.293130465226        -2.83298561711558     -3.80829226171281
67.7884322   -0.114973609844368    -0.556055719469994    -1.00690138309546      -2.31953637099733      -2.87773045733353     -3.83791800412571
67.7884322   -0.117352585002722    -0.559615477659667    -1.02356644155775      -2.34567003203333      -2.92369155095828     -3.86684383529716
67.7884322   -0.119830207674066    -0.56314597394687     -1.04015833082065      -2.37144265631         -2.97094830573483     -3.89521246148249
67.7884322   -0.122378657450186    -0.566646283581926    -1.05667837051733      -2.39690573029866      -3.019550373208       -3.92300516896712
67.7884322   -0.124956101903808    -0.570040741741948    -1.07309346776491      -2.422037009636        -3.06956918439393     -3.95006293932513
67.7884322   -0.12752732507333     -0.573343605792514    -1.08946847455973      -2.446732485264        -3.12121149259988     -3.97651168393057
67.7884322   -0.130066429564278    -0.576554377170294    -1.10578452275356      -2.47103385476614      -3.17446385271559     -4.0022380706179
67.7884322   -0.132547089627245    -0.579657678264673    -1.12206374895149      -2.494886667121        -3.229398706191       -4.02728251146952
67.7884322   -0.134936534268723    -0.582635731497503    -1.13833385627833      -2.51837965780399      -3.28607945168648     -4.05157588413415
67.7884322   -0.137220269471989    -0.585497272156892    -1.154607043504        -2.54144532042534      -3.34451482478608     -4.07511338483065
67.7884322   -0.13938529253818     -0.588231916842487    -1.17084838224569      -2.56404403684387      -3.4047639413327      -4.09788954814342
67.7884322   -0.141418337557814    -0.590834725793437    -1.18710696015765      -2.58624543906734      -3.46687645371299     -4.11993916341376
67.7884322   -0.143325190139643    -0.593307840558759    -1.20333679017254      -2.60805161219566      -3.53096401388163     -4.14114402868637
67.7884322   -0.145103971482036    -0.595641153816134    -1.219572085989        -2.62944435308766      -3.59689419657331     -4.1615534283023
67.7884322   -0.14676730426545     -0.597849246925005    -1.23579031867614      -2.65041912617         -3.66494980824        -4.18109832460001
67.7884322   -0.14831874619516     -0.599926395154835    -1.25197414957098      -2.67098085943334      -3.73497279912482     -4.19979576310815
67.7884322   -0.149771631947267    -0.601884204725939    -1.26805649717824      -2.691136130746        -3.80699461985659     -4.21753306956263
67.7884322   -0.151139816687661    -0.603723879234371    -1.28404039553732      -2.71093974792234      -3.8809791574204      -4.23435326545776
67.7884322   -0.152436844197277    -0.605450316075629    -1.299862933632        -2.73028560534434      -3.9570480926896      -4.25021208158467
67.7884322   -0.153678890859999    -0.607084131346259    -1.31548105337993      -2.74929158176402      -4.03507311483339     -4.26507680530386
67.7884322   -0.154880985720229    -0.608617682190015    -1.33083826105496      -2.76791386269334      -4.115029350856       -4.27892135577257
67.7884322   -0.156061494794281    -0.610073007459388    -1.34581733501509      -2.78620453458199      -4.19675123513374     -4.29172058265086
67.7884322   -0.157228219481389    -0.611457694754834    -1.36037950273881      -2.80407722871534      -4.28049765907771     -4.30342545408693
67.7884322   -0.158394767797799    -0.612785070771293    -1.37441539666643      -2.82164391513534      -4.36571870440546     -4.31407371354157
67.7884322   -0.159565198255528    -0.614070711435619    -1.38784356028224      -2.83882102908965      -4.45276564779        -4.32358037623085
67.7884322   -0.160740461801834    -0.61532111651871     -1.40054276421937      -2.85574082884801      -4.54127261957759     -4.33196203958971
67.7884322   -0.161915083760759    -0.616558900651871    -1.41239001280839      -2.87229764982668      -4.63108697225047     -4.339197950274
67.7884322   -0.163066990269552    -0.617786111790629    -1.42331104697064      -2.888538453405        -4.72229384712117     -4.34526838544733
67.7884322   -0.164179254058094    -0.619021677110926    -1.43319014227435      -2.90451181849999      -4.8144572410915      -4.35016630529142
67.7884322   -0.165218132549009    -0.620278929359381    -1.44190047781629      -2.92018163338165      -4.90763015554199     -4.35388947420733
67.7884322   -0.166154684717025    -0.621569243875012    -1.44936673879484      -2.9355375671393       -5.00135424271334     -4.35642763495912
67.7884322   -0.166963864684745    -0.622903574293741    -1.45547328446456      -2.95062706663171      -5.09582332173645     -4.35777782167815
67.7884322   -0.167639703026027    -0.624291694830012    -1.4601590419188       -2.96542424498634      -5.1903848088721      -4.35793482682624
67.7884322   -0.168189401186624    -0.625745863259057    -1.46334316072472      -2.97993504999368      -5.28509251053607     -4.35690102864045
67.7884322   -0.168652343215799    -0.627270669710007    -1.46497219290971      -2.99416573506568      -5.37972566927779     -4.35468373574504
67.7884322   -0.169094173100108    -0.628880008231252    -1.46502834885388      -3.00815567740827      -5.47390122832093     -4.35128339605901
67.7884322   -0.169593043665547    -0.630579205601884    -1.46351800233181      -3.02184139163399      -5.56735318863786     -4.34670035431472
67.7884322   -0.170238970774022    -0.632373822086884    -1.46015432865603      -3.03525207610634      -5.6600450067861      -4.340941674773
67.7884322   -0.171114126643603    -0.634270065386358    -1.45505821816         -3.04839185462832      -5.75165607551725     -4.3340348390438
67.7884322   -0.172269977261807    -0.636275490665314    -1.44850428114625      -3.06126199555032      -5.84191715122688     -4.325973905748
67.7884322   -0.173708349097127    -0.638391359999994    -1.44057865877499      -3.07386150493333      -5.93060380221334     -4.31679475692858
67.7884322   -0.175397134250001    -0.640624497727273    -1.43140944433594      -3.0861862325          -6.01745167354167     -4.30648791089286
67.7884322   -0.177274215105703    -0.64297729028124     -1.42111074245625      -3.09823292503333      -6.10238345964        -4.29506427845714
67.7884322   -0.179239781266224    -0.645452109577513    -1.40977672274924      -3.10996421299667      -6.18508885390194     -4.28253925476734
67.7884322   -0.181191221346162    -0.648049800897876    -1.39756276512094      -3.12143503047702      -6.26534650324553     -4.26900162322049
67.7884322   -0.183030643049598    -0.650759642041201    -1.3846637903495       -3.13257318269067      -6.34286064869573     -4.254362908635
67.7884322   -0.184665848427889    -0.653583100354997    -1.37120313284737      -3.143371870488        -6.41764080230136     -4.23871982550221
67.7884322   -0.186033288683888    -0.656516700867505    -1.35733526835225      -3.153879187096        -6.4892800689796      -4.22209273686085
67.7884322   -0.187074458021132    -0.659548757412718    -1.3432520878307       -3.16402643724067      -6.55776656401329     -4.20446126258897
67.7884322   -0.187744112522501    -0.66267615905423     -1.32906945653353      -3.17383044066066      -6.62271871178465     -4.18589487735675
67.7884322   -0.188009762528862    -0.66589303962425     -1.3149309647569       -3.18325790647266      -6.68414096497661     -4.16641988913131
67.7884322   -0.18785333520826     -0.669169317775144    -1.30097631765879      -3.192327312416        -6.74172392880051     -4.14603821383166
67.7884322   -0.187281796738695    -0.672505444214548    -1.28736584260101      -3.20100611087866      -6.79551932158606     -4.12475445845931
67.7884322   -0.186324307182585    -0.675881564399999    -1.27421613871258      -3.20930767940833      -6.84544114498999     -4.10263269636534
67.7884322   -0.185043052856985    -0.679289698462118    -1.26159457170797      -3.217217422715        -6.89132208537773     -4.07970226845966
67.7884322   -0.183515441406314    -0.682702829574249    -1.2496515674586       -3.22468221550644      -6.93328710289193     -4.05598847323068
67.7884322   -0.181838974493046    -0.686102333473333    -1.23844542373018      -3.23174996579354      -6.97143033797135     -4.03152364484221
67.7884322   -0.180136183584007    -0.68946718329213     -1.22807890912499      -3.23837679291872      -7.00555374544        -4.00626800670786
67.7884322   -0.178523616115577    -0.692774207347276    -1.21863597184556      -3.24455687615743      -7.03577580193775     -3.98038890997227
67.7884322   -0.177085622794068    -0.696014673492726    -1.21016358629373      -3.250283910382        -7.06218109081284     -3.95377757666101
67.7884322   -0.175919107197478    -0.699147513043223    -1.20275634132058      -3.25556123613128      -7.08468662399852     -3.92654093384661
67.7884322   -0.175086022911171    -0.702160710110009    -1.19646705156525      -3.26037330227226      -7.10330845494084     -3.89870716811089
67.7884322   -0.174635321435999    -0.705023073945456    -1.19137179313638      -3.26471456241806      -7.11810896095081     -3.87025622002293
67.7884322   -0.174598741364214    -0.70772403774182     -1.18751537884701      -3.26859022179533      -7.12907684335735     -3.841317595542
67.7884322   -0.174989258693997    -0.710239277939996    -1.18496754873372      -3.27198066761678      -7.13628352926238     -3.81182278745317
67.7884322   -0.175816232105673    -0.712551378473247    -1.18379320917102      -3.27490045693355      -7.13976383825255     -3.7818650793203
67.7884322   -0.177137510639484    -0.7146443245353      -1.18405462038363      -3.2773491818258       -7.13957404920032     -3.75141250953733
67.7884322   -0.178971627401028    -0.716510373047058    -1.18582634547516      -3.27931608180645      -7.13575710691225     -3.72058266080401
67.7884322   -0.181362422770238    -0.71813002120587     -1.18918196500033      -3.28081398560001      -7.12834996227839     -3.68938663313552
67.7884322   -0.184325842053615    -0.719504569049997    -1.19422328155617      -3.28184078573709      -7.1174337885229      -3.65774076851852
67.7884322   -0.187833744387885    -0.720632125328819    -1.2010201041587       -3.28240079332322      -7.10305095939316     -3.62586546826555
67.7884322   -0.191823449785486    -0.721516384564311    -1.2096913571099       -3.28249769312257      -7.085312760273       -3.5935991711192
67.7884322   -0.19622097635601     -0.722162802778606    -1.22046448988926      -3.28213739696259      -7.06422494546219     -3.56109701301174
67.7884322   -0.20091991779847     -0.722582090012918    -1.23345624732731      -3.28132534399291      -7.03996713254981     -3.52839263810941
67.7884322   -0.205808985953292    -0.72278569600526     -1.24862841693009      -3.28006537932775      -7.01266112365721     -3.49542720516074
67.7884322   -0.210786080439051    -0.722785736906459    -1.26615907032833      -3.2783683466158       -6.9824264254756      -3.4623232697299
67.7884322   -0.215731943302599    -0.722592466730828    -1.28676757285463      -3.27623735417677      -6.94938597489209     -3.42902436715306
67.7884322   -0.220587993052628    -0.722214981392011    -1.310458971328        -3.27368371182967      -6.91366079120321     -3.39558043234482
67.7884322   -0.225294700158847    -0.721655928532986    -1.33731120168872      -3.27070414427226      -6.87537102424774     -3.36205086263033
67.7884322   -0.229807320776206    -0.720914655936344    -1.36747659907308      -3.26730948672646      -6.8347467609468      -3.32852369682827
67.7884322   -0.234060606261715    -0.719982395691433    -1.40125109042515      -3.26348704288871      -6.79192082759333     -3.29482206037434
67.7884322   -0.238050074589861    -0.718840367445722    -1.43874394120804      -3.25924726873907      -6.74676914456332     -3.26125152114767
67.7884322   -0.241732670606463    -0.717466463216566    -1.48023353192909      -3.2546043218929       -6.69977311812401     -3.22755981142947
67.7884322   -0.245090679758519    -0.715828860584006    -1.52591758568183      -3.24956286438125      -6.65078263588999     -3.19395965763694
67.7884322   -0.248089668888613    -0.713884416010449    -1.57584391818399      -3.24415897311742      -6.59994165900533     -3.16038296429226
67.7884322   -0.250921578064634    -0.711851792844813    -1.63052434110806      -3.23868960504251      -6.54789159076801     -3.12710621568977
67.7884322   -0.253763597157929    -0.710082804755235    -1.69059616301148      -3.2339241550271       -6.49605645892366     -3.09494484568662
67.7884322   -0.256382118770867    -0.708362980465594    -1.75584043576362      -3.2297907007          -6.443742176696       -3.06377832649546
67.7884322   -0.258632192396151    -0.706593863127593    -1.82647335568941      -3.22620641956937      -6.39097410636533     -3.03361154177102
67.7884322   -0.260712127678664    -0.704679019233372    -1.90194085463964      -3.22310607597001      -6.33813414275173     -3.00434709459894
67.7884322   -0.2625586926947      -0.702538999790821    -1.98207654626215      -3.22042490303876      -6.285426584991       -2.9760064945723
67.7884322   -0.264301802401256    -0.700139699127743    -2.06672734699333      -3.21802835343999      -6.23215666235        -2.94880903966533
67.7884322   -0.266342288066007    -0.697343797034497    -2.15383946349         -3.21583827741334      -6.18000540057335     -2.92190260724866
67.7884322   -0.269086314105996    -0.694267265021001    -2.24608979986876      -3.21380337986667      -6.12798795886667     -2.89580400470299
67.7884322   -0.272843323213994    -0.690759664066005    -2.33830913458399      -3.21184605815999      -6.0761293872         -2.87049630286667
67.7884322   -0.278054720202505    -0.686885190214496    -2.431850073423        -3.20987847922667      -6.02307220985        -2.84663325546867
67.7884322   -0.285271473968998    -0.682709156975994    -2.52759981330149      -3.20781846019501      -5.97162399441999     -2.822869279776
67.7884322   -0.294672050168228    -0.678257440352012    -2.61996973593567      -3.20564003282334      -5.92036333069        -2.79986629137001
67.7884322   -0.306436013184008    -0.673561163274673    -2.71091179534301      -3.20311953990668      -5.86931061282668     -2.77760410256
67.7884322   -0.320808331443259    -0.668682094247008    -2.800301333337        -3.20022840705         -5.81848878393001     -2.75606528783868
67.7884322   -0.337158134469501    -0.663689486511343    -2.883493174818        -3.19687913520001      -5.76790787262        -2.73467715258201
67.7884322   -0.354858998471245    -0.658659108272332    -2.96235573577926      -3.19310097909501      -5.71756922533334     -2.71456223663766
67.7884322   -0.372884477306667    -0.653670719088012    -3.034858481776        -3.1885949024          -5.66748088576        -2.695124972256
67.7884322   -0.390634448079247    -0.648957627411495    -3.10160316909199      -3.18336471087999      -5.61766303036333     -2.67634255084266
67.7884322   -0.407461514124996    -0.644349962688997    -3.15967666131201      -3.17750935453332      -5.5694917539         -2.657702937674
67.7884322   -0.42240706314001     -0.640048262449331    -3.20976324026099      -3.17059725814666      -5.52028244308333     -2.640186266544
67.7884322   -0.435075182079992    -0.636129175911003    -3.252142086878        -3.16276323108999      -5.47141507039999     -2.62328775425867
67.7884322   -0.445554556560004    -0.632639013338005    -3.28532005318101      -3.15404758881334      -5.42422743790667     -2.60657390433666
67.7884322   -0.453590479754988    -0.629612225142497    -3.31008065103374      -3.14396169994         -5.37607918138        -2.590941808666
67.7884322   -0.459525612266676    -0.627109533394003    -3.32667153658201      -3.13274013656001      -5.32961226237333     -2.57554473199467
67.7884322   -0.462949583127513    -0.625230037489251    -3.33539504494867      -3.12033347958667      -5.28222154735        -2.56082807129933
67.7884322   -0.46495315784667     -0.62403791128        -3.3366652806315       -3.10635115675         -5.23650440230001     -2.54716392301067
67.7884322   -0.465263662156664    -0.623790291144513    -3.3309139098965       -3.09124974285666      -5.19116381768        -2.53381361930232
67.7884322   -0.463908793706665    -0.624104721534997    -3.318505457964        -3.07424753960001      -5.14494568513334     -2.52116818585599
67.7884322   -0.460967058033333    -0.624679389425743    -3.29988741067502      -3.05618025890335      -5.10036975889668     -2.50924414198
67.7884322   -0.456523951965006    -0.626071386427517    -3.27601064843401      -3.03684651136502      -5.05608286542668     -2.49808461570732
67.7884322   -0.450700367642508    -0.628229431103493    -3.246202476031        -3.01539766644668      -5.01179336132667     -2.487769737697
67.7884322   -0.443488188266652    -0.631229902239997    -3.21265427661601      -2.99201184527999      -4.968691576          -2.47858504216
67.7884322   -0.435398871290003    -0.63492040683674     -3.17448090149634      -2.96693906649         -4.92480831999499     -2.47021097035834
67.7884322   -0.426420011606664    -0.639480532581496    -3.13365441861399      -2.94031948821498      -4.88218058324666     -2.4625832356115
67.7884322   -0.416717459586667    -0.644647791770738    -3.08934135402975      -2.91145714933         -4.84000758735        -2.456011754929
67.7884322   -0.406322758270006    -0.650667129773006    -3.04285888176801      -2.88150178396         -4.79813151451999     -2.44990506890933
67.7884322   -0.395710483432515    -0.657310484974994    -2.994726209909        -2.84874306446333      -4.75654211427666     -2.44474104120949
67.7884322   -0.384931158965002    -0.664647808650683    -2.945407638451        -2.8151920429          -4.71523035588001     -2.44001653919001
67.7884322   -0.374052825070001    -0.672653072685251    -2.89532180646999      -2.77984688660002      -4.67418828618001     -2.43605040301901
67.7884322   -0.36319351528        -0.681241668306       -2.844208845904        -2.7423536251          -4.63412522376001     -2.433061455986
67.7884322   -0.352754442792488    -0.690385937555751    -2.79291213504701      -2.70310586750999      -4.59404221532001     -2.43114247134133
67.7884322   -0.342606430035012    -0.69991513361501     -2.74186720638933      -2.66227931044         -4.554205926305       -2.430258035882
67.7884322   -0.332802796467498    -0.709837216161322    -2.69138270757376      -2.62014030819001      -4.51484060841998     -2.43052645199001
67.7884322   -0.323368051059995    -0.720024012817012    -2.64141379318401      -2.57632476425001      -4.47614882296001     -2.43199948668934
67.7884322   -0.314315412215001    -0.730139973046753    -2.59236241373174      -2.5305601805225       -4.43766358033335     -2.43473504542699
67.7884322   -0.305563304005002    -0.740234617334005    -2.54417290606532      -2.48443300597501      -4.39873633635        -2.43878827552467
67.7884322   -0.297173739164995    -0.750196168324241    -2.4974723614065       -2.43579203523749      -4.36033341873667     -2.44422522768533
67.7884322   -0.289065524079997    -0.760141651104001    -2.45180169486933      -2.38581649320001      -4.32291988320001     -2.451111564768
67.7884322   -0.281182826420016    -0.769433641201991    -2.40786377704449      -2.33581344317499      -4.28485330963999     -2.45979727697266
67.7884322   -0.273666839090001    -0.778188211580506    -2.365012856765        -2.283474500775        -4.24807049042        -2.46986907848102
67.7884322   -0.266109252090013    -0.786273167466003    -2.32408160149699      -2.23135609812         -4.21109134108        -2.48161697873735
67.7884322   -0.258652612112506    -0.793685064318997    -2.28494557316         -2.1770557060475       -4.17427081069        -2.49512224968267
67.7884322   -0.251281095639992    -0.800052024307996    -2.24643349219601      -2.12322872544499      -4.13782991453333     -2.51049119627399
67.7884322   -0.243982450359996    -0.805315235769012    -2.21035658611549      -2.06739452194999      -4.1015925044075      -2.528290595318
67.7884322   -0.23687121944        -0.809394772997999    -2.175779214284        -2.01228360546001      -4.06499935735999     -2.54769033889066
67.7884322   -0.229740028836663    -0.812189664396748    -2.142295682497        -1.955356707395        -4.02962132844667     -2.56925570091033
67.7884322   -0.222720615675004    -0.813619143731499    -2.110312753087        -1.89939497985         -3.99355759334001     -2.59383696077266
67.7884322   -0.215823850543326    -0.813516991313009    -2.0801511791285       -1.841815458615        -3.95882372218667     -2.62018558186
67.7884322   -0.209175900410017    -0.81184608914399     -2.05155798950132      -1.78542886545001      -3.92339286085333     -2.64928885454101
67.7884322   -0.202585404619997    -0.808518250472669    -2.02392929446624      -1.72762845405249      -3.88825757010667     -2.681026250019
67.7884322   -0.196344704813324    -0.80341292182749     -1.99806434069732      -1.67123027576         -3.85340138960001     -2.71470547828266
67.7884322   0.135741853897503     -0.0183860670014983   -4.46259858969149      -2.59187740394         -7.83097441393        -8.86335456727
67.7884322   0.0587583400000003    -0.198180414503993    -4.173577642456        -2.33900743568002      -7.73301063130666     -9.0511792992
67.7884322   -0.163517312799988    -0.438094456178762    -3.84107474510475      -2.06960662033501      -7.59305815706999     -9.23392974680101
67.7884322   -0.297463287220002    -0.687868791074987    -3.46227094185933      -1.81231602411001      -7.40399452398        -9.39826131361599
67.7884322   -0.274071020146672    -0.799715551654997    -3.03730072275648      -1.57850077016751      -7.16133496530999     -9.51245045456967
67.7884322   -0.253975158213347    -0.799039761954671    -2.549677910728        -1.41327522484001      -6.87100307873335     -9.61476740015065
67.7884322   -0.236730985056667    -0.779851018639252    -2.06836166333198      -1.31629310792667      -6.53925902303333     -9.697192019111
67.7884322   -0.221966326875001    -0.758000779939495    -1.6886561871045       -1.253395468305        -6.16443627362        -9.75278963194
67.7884322   -0.209538015582511    -0.735473463871749    -1.5629115055155       -1.19851966349667      -5.75207233374        -9.77907768942267
67.7884322   -0.199053057799989    -0.711269682993996    -1.53620266850799      -1.1464869928          -5.22363324637336     -9.43705544703199
67.7884322   -0.189408325777491    -0.686319985784998    -1.52387463151933      -1.09633481978001      -4.69298890301        -8.95004865854274
67.7884322   -0.179875453064989    -0.660472710555987    -1.51436181016733      -1.04760343438         -4.26659977466002     -8.840466999796
67.7884322   -0.170794945637492    -0.633495852409746    -1.50543993416999      -0.999526093861234     -3.86202718650666     -8.74140888814366
67.7884322   -0.162615686649995    -0.606568942881248    -1.49622599646833      -0.951544900775014     -3.49768121298334     -8.67800019979751
67.7884322   -0.155383557325011    -0.578461674590013    -1.48675702431999      -0.905795593216666     -3.1926596083         -8.58342343515666
67.7884322   -0.148967792200012    -0.550046904775008    -1.47679738027499      -0.86110442167375      -3.00429485393332     -8.45268700428
67.7884322   -0.14322591980001     -0.521148597079999    -1.46629877805333      -0.816654242319986     -2.9157842696         -8.28586708538665
67.7884322   -0.137913980812504    -0.491346975643755    -1.45544325715001      -0.774509760000001     -2.87303701541667     -8.08179957724168
67.7884322   -0.133079295799995    -0.462434923304987    -1.44360637717         -0.733259433272498     -2.84433516933334     -7.83974835461668
67.7884322   -0.128743288062498    -0.433019390996255    -1.43141265013501      -0.692553553786682     -2.81756881555        -7.55957657697167
67.7884322   -0.124626680799993    -0.40475831772        -1.41802217703333      -0.654037613313325     -2.7918495142         -7.23245542987999
67.7884322   -0.120866048099997    -0.377124505717497    -1.40399844138998      -0.61678050388         -2.76525431253333     -6.86763526797667
67.7884322   -0.117312715625012    -0.349691195625011    -1.388795545           -0.58081809458333      -2.739089825          -6.47996552375001
67.7884322   -0.113960385850005    -0.324107987160009    -1.37279022681249      -0.546182668755006     -2.71262127824999     -6.05285434615832
67.7884322   -0.110842343333337    -0.299219411180005    -1.35550108528         -0.51228545268999      -2.68509565106667     -5.60487975184
67.7884322   -0.107889895312503    -0.276381740151657    -1.33702349407374      -0.480054782068342     -2.65796572405001     -5.14820790603834
67.7884322   -0.105072829700002    -0.254536788687503    -1.3179878987725       -0.449586242986683     -2.63048860400003     -4.70291721002336
67.7884322   -0.102413997250012    -0.234299348500004    -1.29756299330624      -0.419896415874988     -2.60188214875001     -4.30389101425
67.7884322   -0.0997893326499907   -0.215885240866672    -1.27674904583501      -0.391975554300006     -2.57365252893334     -4.0108700212
67.7884322   -0.097258911762503    -0.198966084775006    -1.25460141964625      -0.365166385104996     -2.54502436186667     -3.88269301543833
67.7884322   -0.0948178775999986   -0.183654814420006    -1.23210320244999      -0.340013546676666     -2.51597708759998     -3.85764179045
67.7884322   -0.092311485400016    -0.169968104297499    -1.20867385057875      -0.315757754873324     -2.48644708841667     -3.88163072766001
67.7884322   -0.0897966200000083   -0.157711121799992    -1.184299166           -0.292895502399988     -2.45569235333333     -3.93463737546667
67.7884322   -0.0872545898624958   -0.14694594791501     -1.15839215811166      -0.271336018887494     -2.42388454125001     -4.0050860221
67.7884322   -0.0846652089000127   -0.137610554180006    -1.13198717305         -0.250819465232504     -2.39133670436667     -4.08555154098499
67.7884322   -0.0819414959249989   -0.129642355566248    -1.10446117015833      -0.231811192341658     -2.35818296226666     -4.17139415214001
67.7884322   -0.079209559800016    -0.122978171559997    -1.07580854386666      -0.214132074195019     -2.3254050096         -4.26259545243335
67.7884322   -0.0763916567500128   -0.117556766312497    -1.046053577           -0.197359907183345     -2.29118098149999     -4.35297995419167
67.7884322   -0.0734923603500065   -0.113277455679985    -1.01535058590001      -0.181719299339995     -2.25653837727501     -4.44618975622667
67.7884322   -0.0706113076600013   -0.110202241767998    -0.984195770220002     -0.167244642376012     -2.22214295997334     -4.53602326047201
67.7884322   -0.0675233168749837   -0.108214988781998    -0.951777560820003     -0.153880541652674     -2.18737691096666     -4.62672367065268
67.7884322   -0.039522875324983    -0.107278402897995    -0.918312218693347     -0.141573924990662     -2.15118900294499     -4.71508747036532
67.7884322   -0.047838628604979    -0.107417679249993    -0.884339244834991     -0.130267213174986     -2.11547557546        -4.79827667089367
67.7884322   -0.0968074111333554   -0.108588674845989    -0.85048580735999      -0.119909212113344     -2.07937688364        -4.880525247108
67.7884322   -0.0808072481150011   -0.110792559415335    -0.815792378262515     -0.110241093261749     -2.04287867731        -4.95696717703799
67.7884322   -0.0478577936199581   -0.114043196176004    -0.780847060699991     -0.101597048419993     -2.00599807906        -5.031578529024
67.7884322   -0.0383126573175105   -0.118207125094676    -0.745899251169991     -0.0938081737909961    -1.96979929701999     -5.10000507090433
67.7884322   -0.102523781279975    -0.123610741221331    -0.710730719839994     -0.0867520846999978    -1.93219284586665     -5.16586193287467
67.7884322   -0.0687658245300118   -0.130054064656331    -0.675537683059985     -0.0802813568616693    -1.894783446345       -5.22535018321866
67.7884322   -0.0204091484450328   -0.137432362654989    -0.640883415746677     -0.0746517623166728    -1.85695239313334     -5.28166760210601
67.7884322   -0.0925567609525169   -0.145053007045746    -0.606451988433342     -0.0695276853477408    -1.81932555657999     -5.33178087219475
67.7884322   -0.0973482292999979   -0.153145494803015    -0.572029619840017     -0.0651386671480141    -1.78132593449332     -5.37765105105068
67.7884322   -0.0330122909999482   -0.161989510834494    -0.537986791397503     -0.0613225484356663    -1.74292425132333     -5.41855862858133
67.7884322   -0.112321374580017    -0.171514067779994    -0.504507367700004     -0.0579573958093388    -1.70408484248001     -5.45426796229801
67.7884322   -0.0637651500124921   -0.18163901780227     -0.472023943993321     -0.0552093359940045    -1.66476801923334     -5.48482276853565
67.7884322   -0.0452939646799641   -0.192277460768004    -0.440279284540011     -0.0529569668399927    -1.62609192224        -5.51028631357866
67.7884322   -0.140284350782531    -0.203337595544246    -0.409310091300009     -0.0511900252873311    -1.58619114174999     -5.530740279889
67.7884322   -0.0199880341749958   -0.214840533415336    -0.379291319085009     -0.0499074839753303    -1.54592180954001     -5.54627850904934
67.7884322   -0.130627481195013    -0.226411534364335    -0.350539865819999     -0.0491118130877585    -1.50553399692333     -5.55700533094633
67.7884322   -0.0615007281299622   -0.238373935967       -0.322132201949993     -0.0488315797039977    -1.4655483446         -5.563156562744
68.3053849   -0.228511996912755    0.0686039973237057    0.046602849679708      0.00138727760939219    0.627057848536366     1.05864874200035
68.4249691   -0.0899593395412812   -0.473854861124142    -0.434415814480264     -1.40795880661685      -1.58968966773644     -2.67146797585936
69.1924678   0.0752388082705293    0.0743927971413068    0.0414516917654255     0.00191684708402317    0.613537536571806     1.07822048445583
69.312463    -0.0904925286459475   -0.440656447352536    -0.391805222374052     -1.33351981992649      -1.49146444271725     -2.55800512109029
69.5838772   -0.0906452007882326   -0.437843722498816    -0.394149848458226     -1.32994380959729      -1.48871034081075     -2.55963781026032
69.7298285   -0.0899936609889992   -0.439307287888107    -0.404453691304399     -1.33880387852757      -1.5034039727568      -2.58164507025875
69.8757798   -0.0890514652364218   -0.437872793247618    -0.41327521952262      -1.34588642226486      -1.51545138386294     -2.60078014541742
70.0217311   -0.0879117770830781   -0.433627817050379    -0.420693136650938     -1.35114339542919      -1.52487149054682     -2.61689949938064
70.0795507   -0.0167963489510003   0.080173525668215     0.0365832550925697     0.00267391606153979    0.599842687515149     1.09705025063973
70.1676824   -0.0866287726125011   -0.426721799547478    -0.426741873398147     -1.35469558698667      -1.53174526472078     -2.63015913259225
70.3136337   -0.0852253002457583   -0.41740057759764     -0.431535330117447     -1.35660872763638      -1.53612092960293     -2.64059651308531
70.4595851   -0.0837087347600027   -0.405934867407574    -0.435093521708724     -1.35696720302702      -1.53807080640941     -2.64831289869999
70.6055364   -0.0820898030999961   -0.39265975387783     -0.437471862113423     -1.35584143312162      -1.53765180159618     -2.65336168469033
70.7514877   -0.0804258460850106   -0.377990403704869    -0.438705632224213     -1.35330327338379      -1.53492413675657     -2.65582566454195
70.897439    -0.0787098665462399   -0.362261488548407    -0.438818371702451     -1.34941392220778      -1.52996297241215     -2.65577060773219
70.9666337   -0.141562718446148    0.0860255936584872    0.0321149678279908     0.00371470669943665    0.585996579148763     1.11460105842148
71.0433903   -0.0769990409019956   -0.345853938363522    -0.437814719526941     -1.344241506615        -1.52283014763126     -2.65326516459839
71.1893416   -0.0753516074682557   -0.329132011337264    -0.435678517527573     -1.33781642607723      -1.5135677295467      -2.64837425130128
71.3352929   -0.0738822268420627   -0.312433720143192    -0.432375240468769     -1.33022367982501      -1.50221425424711     -2.6411369200013
71.4812442   -0.072840131577992    -0.295858214028005    -0.42783435740287      -1.32144652924572      -1.48881096712517     -2.63160502728258
71.6271955   -0.0682644929100061   -0.279518339378003    -0.421971707832621     -1.311532351822        -1.47342952372806     -2.61981046966354
71.76095     0.192949020147978     0.0907113618906587    0.0274039241462888     0.00444948693399783    0.569909872058182     1.12626145333961
71.7731468   -0.067510127726986    -0.263303897140824    -0.41460213463167      -1.30049800068686      -1.45604639251546     -2.60574809988194
71.9190981   -0.0666696789532434   -0.248065430381743    -0.407295557904989     -1.289475967958        -1.43972389454884     -2.59133634964
72.0650494   -0.0657814338989992   -0.232918751703779    -0.398712095647687     -1.27745679199201      -1.42209122350294     -2.57475267386386
72.2110007   -0.0646814006470086   -0.218358057268211    -0.390401002957849     -1.26525669558221      -1.40626071756589     -2.55751740557162
72.356952    -0.0634133659450017   -0.208743279581351    -0.381326058146151     -1.25194600285428      -1.39013811486818     -2.53792139847903
72.5020793   -0.271572761688236    0.0954536814547464    0.0228302636068402     0.00596517604250403    0.553180521309085     1.13284405214187
72.5029033   -0.0620722937987739   -0.199503923232565    -0.383742617183321     -1.23723231663571      -1.3735665190803      -2.51526954269517
72.6488546   -0.0607216329862567   -0.190482910531253    -0.379190640629997     -1.22065841211287      -1.35633826770757     -2.4886573435
72.7948059   -0.0593277305610245   -0.18200667527644     -0.375001083250769     -1.20186751812515      -1.34039713891648     -2.45780390435741
72.9407572   -0.0578361023400066   -0.174051493219566    -0.371283100064        -1.17903201384685      -1.32544962040726     -2.42024318787614
73.0867085   -0.0563482104610011   -0.166381298219261    -0.36768565762401      -1.14787761778173      -1.31064363350364     -2.37218207727162
73.2326598   -0.0548225456497457   -0.159071744825997    -0.364481670228255     -1.08974797626617      -1.29629760694546     -2.30670106494
73.2432087   0.0833589108037413    0.0997945307434129    0.0186798320451489     0.00720661344606197    0.536130889810011     1.13792353795088
73.3786111   -0.0532437697353744   -0.151939269025068    -0.361128208269758     -1.00715955451706      -1.28097318043243     -2.20391515604257
73.5245624   -0.0518238245935063   -0.144808282718484    -0.357198155707505     -0.941840670443999     -1.2640863060194      -2.02524856446646
73.6705137   -0.0503190870790131   -0.13796922477911     -0.353451255492691     -0.882940396336009     -1.24667339282788     -1.87828081680129
73.8164651   -0.0490471567825007   -0.130965971619487    -0.348585308240959     -0.82768126061029      -1.22709744665273     -1.75217342619355
73.9624164   -0.0477766664520022   -0.124571591396088    -0.344352859967737     -0.774028745021991     -1.20828933532727     -1.63515394535812
73.984338    -0.020090144619986    0.103791493600002     0.0144836845600075     0.0084882004037645     0.518543898472723     1.14137340994838
74.1083677   -0.0465474884061405   -0.118663135865529    -0.340915224027252     -0.720864973205142     -1.18959402594545     -1.52310377779226
74.254319    -0.0451121518928267   -0.11351697146814     -0.338668247097245     -0.66708902911286      -1.17131543414183     -1.41308047463096
74.4002703   -0.043709406000009    -0.109513433587781    -0.337598757429994     -0.613021257019427     -1.15188651495759     -1.30569249510969
74.5462216   -0.0405008043974958   -0.109276382923897    -0.341217179033338     -0.556616699033431     -1.13379697362188     -1.19875514153125
74.6921729   -0.0392145833666727   -0.102716045360721    -0.322789817034107     -0.524288773692664     -1.07631904093531     -1.13239282254258
74.7254674   -0.184781660466688    0.107435237288882     0.0102514016285713     0.00955823568250344    0.500296310390637     1.14312302036614
74.8381242   -0.0393278295627388   -0.0937925591201638   -0.298628354889996     -0.503324823118193     -1.01463755065593     -1.08336062646871
74.9840755   -0.0388739918623032   -0.087807715633724    -0.286004622535387     -0.469770913135741     -0.977400123425614    -1.01256247072874
75.1300268   -0.0377878007060062   -0.0824656446449953   -0.274551328903603     -0.435941976098053     -0.94336492176904     -0.940959428082497
75.2759781   -0.03652031587284     -0.0778613915173337   -0.265240235391786     -0.400312549572394     -0.913985646833127    -0.865226186941247
75.4219294   -0.0349090970976977   -0.0739769381980586   -0.256771889340773     -0.364762415537683     -0.885999966299685    -0.788593458578122
75.4665967   0.24984667448001      0.110693976199997     0.00598140967429208    0.0104824985368759     0.481471532309093     1.14317778838644
75.5678807   -0.0332266851046152   -0.0706188889744372   -0.248329642025128     -0.330202617530667     -0.857988697589695    -0.713173734924843
75.713832    -0.0314954882632592   -0.0678071614797227   -0.239882129290767     -0.296753047227059     -0.829952498359373    -0.638866682193446
75.8597833   -0.0297536131446104   -0.0655483975817188   -0.231466498871567     -0.264422588132467     -0.801924231772893    -0.565499739963998
76.0057346   -0.0280416971435916   -0.0638359903599921   -0.223115330238987     -0.233259064786631     -0.773845862501868    -0.493297313737741
76.1516859   -0.0263960489579476   -0.0626485554300016   -0.214819792302107     -0.203410752416006     -0.745755151665813    -0.422244188844372
76.2077261   -0.19471285700002     0.113543142219161     0.00171684669559181    0.0113182970074267     0.462083682327269     1.14155705299941
76.2976372   -0.0248800641474372   -0.0619390090277739   -0.20657521177367      -0.174895342135991     -0.71756630749219     -0.352134918840617
76.4435885   -0.0235385145051259   -0.0616458335125062   -0.19841501793552      -0.147723724058858     -0.689190601158072    -0.282964746664686
76.5895398   -0.0223820917815465   -0.0616850681444339   -0.190310466725263     -0.121751283845602     -0.660457761518701    -0.214865323988008
76.7354911   -0.0214965909287275   -0.0619558485411108   -0.182175479610523     -0.0971444059587957    -0.631197848143871    -0.147670953236957
76.8814424   -0.0208958749476878   -0.0623328893266735   -0.17417077571158      -0.074174634204348     -0.601688550198713    -0.0819678030356008
76.9488554   -0.0255305330507545   0.115953521490868     -0.00255995508798515   0.0121589033272612     0.442142998784999     1.13830138170574
77.0273937   -0.0204709474038536   -0.0626856431163033   -0.166295065288432     -0.0529570491383493    -0.572082899707093    -0.0176209252379194
77.1733451   -0.0201922060253855   -0.0628713312983309   -0.158579437497552     -0.0335353435848374    -0.542222063189038    0.0453529259592469
77.3192964   -0.0200226918423141   -0.0627338838982832   -0.151033119269196     -0.0159361892980523    -0.51204048223453     0.106717584700556
77.4652477   -0.019920106582038    -0.0621078824183351   -0.143652801195669     -0.000222712718852563  -0.481148608831601    0.166778506221744
77.611199    -0.0198544574553816   -0.0607971106910991   -0.136446597992428     0.0136861122041155     -0.448062929886451    0.225314382561686
77.6899848   0.0705963282092271    0.117885020921138     -0.006844754037651     0.0131250916485151     0.421690312840001     1.13344676689162
77.7571503   -0.0197939500177017   -0.0580890360152989   -0.129439628915119     0.0257231355562981     -0.404762534834503    0.282275475702743
77.9031016   -0.0197244195976964   -0.0721656170450006   -0.122621479002497     0.0359625875240163     -0.355977401029682    0.337713901524781
78.0490529   -0.0196383748735971   -0.0678743617708387   -0.115999970981895     0.0444356173384149     -0.310206231647098    0.391680847945681
78.1950042   -0.0195230892750114   -0.0622073375000036   -0.109576875125        0.0511951735750044     -0.266895259322569    0.444064847593545
78.3409555   -0.019378425128205    -0.0549764112222183   -0.103351920972971     0.0563071564823476     -0.225375495354834    0.494751136249994
78.4311141   -0.264463128968491    0.1192845332          -0.0111260356879939    0.0143238738903165     0.400834947053125     1.12703434481677
78.4869068   -0.019204489249998    -0.0459565856250119   -0.0973061789583298    0.0598989205220569     -0.185475139758069    0.54390405550781
78.6328581   -0.0189994083027559   -0.0349063768372143   -0.0914771592391626    0.0620636451626197     -0.14708746728774     0.591362934159508
78.7788094   -0.0191125464953802   -0.022211727760834    -0.0858158579900046    0.0629401650297223     -0.109844682088064    0.637119060231766
78.9247607   -0.00313161306563416  -0.00870524291611218  -0.080358513981133     0.0626670493780111     -0.073866228038125    0.681220820977629
79.070712    -0.107612265270771    0.00526284425405902   -0.0750884922422119    0.06140243623883       -0.0389426072580536   0.723554593652239
79.1722435   0.184328207888015     0.120095387480003     -0.0154064905188716    0.0158687954199995     0.379559420746664     1.11910700063432
79.2166633   0.0213528520885156    0.0194227419677773    -0.0701387765034306    0.0593054911767249     -0.00500980055870605  0.764079509261937
79.3626146   -0.00843898084425018  0.0334245839500072    -0.0682549102111516    0.0565424492908787     0.0279858200343733    0.802867657003095
79.5085659   -0.160712876336489    0.0468700814902695    -0.0736087625974324    0.0532847410932445     0.0600407171051629    0.839789447108938
79.6545172   0.127828842093004     0.0596524692594394    -0.0679804273679911    0.0496848171223537     0.0912703163918632    0.874853724954839
79.8004685   -0.120429607693994    0.0712791904399928    -0.0625525367840019    0.0458961598712776     0.121682720614204     0.907977477043372
79.9133728   -0.178221901920479    0.120238798587423     -0.019651913351714     0.0178586225448089     0.357868289310005     1.10973918363718
79.9464198   0.0144915564944822    0.0816797751450067    -0.0572951444000064    0.0420506759504788     0.151282419559357     0.939215027463753
80.0923711   -0.0590738771199831   0.0908509306736087    -0.0522058740794018    0.0382659289286385     0.18002642970781      0.968390680772354
80.2383224   -0.0537534306575253   0.0987138422199932    -0.0472719350957195    0.0346494263837813     0.208055425098442     0.995608503055002
80.3842737   -0.0345352275390178   0.105276236524282     -0.0424579980499984    0.0312574144896935     0.235229484737502     1.02076343693322
80.5302251   -0.0426364296292595   0.110594267552224     -0.0377357253382943    0.0281533796066651     0.261706307578745     1.04386749797445
80.6545022   0.0240135997397447    0.119614665960005     -0.023977052000293     0.0203925831036613     0.335873572164855     1.09892368581
80.6761764   -0.0419475071844208   0.114729752768006     -0.0330778640670615    0.0253727111699991     0.287412366493751     1.06485759010303
80.8221277   -0.0712195050980663   0.117769300785832     -0.0284576859079825    0.0228933616107825     0.312344219013437     1.08370455180286
