LVE          1000                   2000                3000                4000                5000              6000
0            -20.35794927           7.6767859           -6.58282239999999   8.00268919999999    53.52152617       124.19754699
0            516.391484000185       546.539751908795    589.963439309772    659.03411727852     682.371244718278  625.75469903984
0            -16.4965215147359      20.536748416076     12.08720532032      9.16809000611999    46.902391583328   121.410146922421
0            -20.72426768           7.95734399000001    -5.5955229          7.2932246           53.79853176       119.18875801
0.770858077  510.240534737099       540.794496367042    584.26254828086     652.508693406707    676.530142438359  619.477881476777
0.923145994  -16.154905103528       20.6501561557357    12.1411568837       9.33070262943252    46.627031699594   121.463955836723
1.54171615   504.37867855573        535.208606157514    578.469761792778    646.161301761325    670.668676305535  613.27258559224
1.84629199   -15.8088418893803      20.6564876146793    12.1592696050767    9.53416383591745    46.455434728187   121.628653607338
2.31257423   498.486573068865       529.73673556122     572.857165369482    639.877811224866    664.896722237161  607.123677675293
2.76943798   -15.3720936112165      21.7663858018296    14.4257587036153    13.6594996517329    50.9111837832255  124.139342142246
3.08343231   492.705496608311       524.35447561115     567.258610395675    633.542145018327    659.201972708584  600.996170007224
3.69258398   -12.6632960590183      14.1493861772273    1.17143924565001    -4.93456942162004   28.3936762961567  103.22039245855
3.85429039   487.032140234863       519.036150766775    561.663852104365    627.292710262319    653.564849373764  594.925407170019
4.61572997   -12.004471695056       13.8093005267893    1.09247884608       -4.74705793962667   28.21618056464    103.382446590453
4.62514846   481.56290254782        513.810931932115    556.063250507204    621.055357546897    647.991956152113  588.915045563816
5.39600654   476.100147588502       508.63944172744     550.578261581072    615.042793517971    642.481094894155  582.973502497926
5.53887596   -11.2970135776963      13.3570329822863    1.01377823898334    -4.54374854180003   28.04926251025    103.55133307375
6.16686462   470.822762112077       503.62485704196     545.048963313298    608.985787809727    637.030295901893  577.136881517436
6.46202196   -10.5111206669294      12.7949092695413    0.938063571113307   -4.32199027548665   27.89345597356    103.721720473013
6.93772269   465.50577945434        498.65620365361     539.467653470736    603.021506399682    631.637643145925  571.371773708142
7.38516795   -9.62541848753573      12.113198315072     0.867222480590004   -4.08269932980002   27.74921900969    103.902073422867
7.70858077   460.416396229628       493.7649321045      533.816981058559    597.149622816928    626.301287236065  565.68166929124
8.30831394   -8.62019870561015      11.3282488732655    0.802532049920003   -3.82678993353338   27.61693685372    104.08711450312
8.47943885   455.287634169065       488.908559607714    528.069179139531    591.278982739886    621.020831435891  560.032370556266
9.23145994   -7.45983638587997      10.442950540144     0.744785473120006   -3.55366609456      27.4969779675733  104.281150984267
9.25029693   450.378106323812       484.1959543148      522.212434005932    585.549894972994    615.901422562418  554.386694694905
10.021155    445.42716313512        479.51611740824     516.27336845035     579.825610230708    610.75621408252   548.946430747757
10.1546059   -6.15020674878615      9.49157078952412    0.694418535650009   -3.26322393358004   27.38957824194    104.47353607442
10.7920131   440.685101725357       474.896246075205    510.258356735961    574.276049746236    605.628088108399  543.483125140342
11.0777519   -4.65134518679787      8.45190138629791    0.650460828709984   -2.95528380717998   27.2948916720133  104.66842153842
11.5628712   435.899080966978       470.335977890885    504.024552437415    568.738860558824    600.625944579518  538.178294487956
12.0008979   -3.00098847122504      7.33879402853128    0.61510491041666    -2.62822287225002   27.21308891575    104.864945297
12.3337292   431.309501199625       465.83264805839     497.933882879607    563.341645837423    595.659644939031  532.980920085393
12.9240439   -1.52645774986381      6.22080729330685    0.586756203159981   -2.28424849211994   27.14246999036    105.067104453973
13.1045873   426.78486632665        461.384035488143    491.722767877       557.986979387735    590.720595475353  527.792967465903
13.8471899   -0.516443525507959     5.08643935980095    0.564711845037513   -1.92360485574999   27.08642354225    105.262418678623
13.8754454   422.19613689574        456.98806496864     485.611383419298    552.720523095798    585.881122157624  522.757113864234
14.6463035   417.759479446638       452.7331883958      479.803929713114    547.5405906767      581.10645028725   517.80268155368
14.7703359   -0.124047724703007     3.98063557451611    0.549371618760008   -1.54626302858003   27.0420150113667  105.457890251427
15.4171615   413.2191206949         448.44671529702     474.036012909668    542.444211370009    576.290611362373  512.892664451768
15.6934819   -0.00637237251149782   2.9089624872009     0.539703358895      -1.1517461488733    27.00615456808    105.63896337374
16.1880196   408.790636895007       444.198450994117    468.627305243964    537.528241856847    571.631786032517  508.133575106307
16.6166279   0.00429344641375064    1.84172195152301    0.535450463159999   -0.608351599520014  26.99283646764    105.22700187782
16.9588777   404.34818409785        439.99766085047     463.300113900802    532.590298487728    567.018473934828  503.51882630558
17.5397739   0.00247302773801494    1.23607884147693    0.536651173079998   -0.315326978759957  26.8034599612668  105.50114431428
17.7297358   399.89504149404        435.8437252193      458.321823535658    527.729625887914    562.335293130488  498.921564732904
18.4629199   -0.000955538161244476  0.817890029867471   0.557437425199998   -0.119002527149976  27.4386703967333  106.7307271503
18.5005939   395.438886597555       431.831253772913    453.41680279992     522.94367884268     557.800483967802  494.426095142951
19.2714519   390.987742938945       427.769143573895    448.813959391042    518.247957898866    553.325752566312  490.029952983822
19.3860659   -0.000819056498497957  0.515904023845491   0.589209379186679   0.0915433085200493  28.1506620703135  108.028387245707
20.04231     386.546386859687       423.846318444688    444.38821882425     513.709152754844    548.913920989437  485.730463965917
20.3092119   -0.0072895674409956    0.32924252790575    0.641470512216678   0.319818431250038   28.9046293744801  109.39005887942
20.8131681   382.11760696588        419.92027187952     440.141533908556    509.130468888206    544.514531422363  481.524589368632
21.2323579   -0.0168404726459994    0.242404424719993   0.721769711919988   0.57026027927993    29.7199499274932  110.77949866912
21.5840262   377.704142195305       416.044880841635    436.050841958167    504.628970210843    540.227824249767  477.409292776948
22.1555039   -0.0269476066609932    0.22084843963699    0.838051194466694   0.854517842240035   30.5988722466401  112.27109633004
22.3548842   373.31022481214        412.180506755387    432.090444973157    500.308018298454    535.99964100115   473.381526707755
23.0279209   -0.0281317743002437    0.230483806931006   1.02374150164997    1.16015277382989    31.6113723146098  113.87358849817
23.1257423   368.97761060101        408.431904348185    428.202700208596    495.965484117492    531.766568635277  469.438126475579
23.798779    -0.0201243594145053    0.253879607007999   1.26319986926668    1.73941636965997    32.6706276463867  115.52644462522
23.8966004   364.596616059032       404.741538476345    424.412356762405    491.722746032312    527.569246402778  465.514944712936
24.569637    -0.00755564283000422   0.305588816801246   1.51562968156663    2.41625466864988    33.7382804543332  117.148211577617
24.6674585   360.38380826162        401.049543150747    420.728183856348    487.532138870315    523.49950485189   461.687451836379
25.3404951   0.00658502609867719    0.374397007388005   1.77025530082667    3.16040099029335    34.8328474468533  118.728398350427
25.4383165   356.12999186575        397.505721334725    417.139877337271    483.391736513591    519.431998317542  457.979783759318
26.1113532   0.0186990477893414     0.453566498416985   2.02343356811329    3.91593224053991    35.8977121520699  120.26615757786
26.2091746   352.07143335684        393.910544527427    413.63859083018     479.36877361682     515.455053347749  454.343696589469
26.8822113   0.026484107624492      0.535836546605482   2.27944690722659    4.69366540037983    36.9603924683864  121.760744453253
26.9800327   348.07718547224        390.38201607824     410.216387569733    475.347259341955    511.477487213583  450.67811669587
27.6530693   0.0301903668234882     0.622556961913666   2.52254832468335    5.50978097021999    38.02027716418    123.21154089794
27.7508908   344.10404393376        386.96557411296     406.865767240052    471.379971888928    507.593159335808  447.178163419648
28.4239274   0.0306571394002531     0.714432311586992   2.75830538946664    6.31491528060989    39.1044528941998  124.618067633286
28.5217489   340.3741973373         383.53473991391     403.580219932112    467.5689434966      503.730477229498  443.741151884151
29.1947855   0.034068019747996      0.812108801504      2.99069247189999    7.1487271446667     40.15677979888    126.01428506264
29.2926069   336.793719899498       380.208130819696    400.272192069391    463.681096385785    499.942323649285  440.2933606394
29.9656436   0.0393627877666586     0.915862556441236   3.21005702556665    7.96176940074992    41.2044965107499  127.33026547175
30.063465    333.384236565065       376.94699100467     397.10188420198     459.947836845751    496.223078473086  436.954336427736
30.7365017   0.0446854259709944     1.03045222638802    3.42182979429002    8.79456498124008    42.2742798424134  128.601394673847
30.8343231   330.081330378825       373.675733286063    393.902613291118    456.191946221485    492.54749970551   433.692469452475
31.5073597   0.0492657044482621     1.1560947625705     3.62325274457999    9.60405147002998    43.31101398176    129.85860392586
31.6051812   327.05517154776        370.44247148084     390.830775319576    452.469819134656    488.889649497344  430.440428328616
32.2782178   0.0532946978179971     1.29613391652402    3.81746501044005    10.4117740807601    44.3414639231469  131.0391161952
32.3760392   324.17727847842        367.29278916003     387.803268675832    448.866798606916    485.325878871047  427.239203862483
33.0490759   0.0581463108214957     1.44747970057299    3.99672801026668    11.20856845232      45.36455293808    132.203681258473
33.1468973   321.422566118615       364.151969006955    384.7425103732      445.291431715028    481.730176896258  424.131962967993
33.819934    0.0679596749339835     1.61249187911366    4.17122728514664    11.9844546644966    46.4064429665399  133.29441894105
33.9177554   318.765755501096       361.011966961478    381.800449831333    441.740896050651    478.252848890545  421.071878700214
34.590792    0.0968863258665078     1.79241300203252    4.33182311698671    12.7395687596401    47.4133730567401  134.367683003173
34.6886135   316.2005979263         357.970146513352    378.82601989984     438.213678497603    474.812482281942  418.0399790295
35.3616501   0.1739258327875        1.98851621807501    4.48775420646665    13.4685353444333    48.4118140828333  135.3955566657
35.4594716   313.62483218608        354.87499121804     375.967839871716    434.705211001376    471.39153391607   415.004444742736
36.1325082   0.314343988960012      2.19185568360804    4.63493615075003    14.1668171773468    49.4272506028402  136.35461913364
36.2303296   311.138327665863       351.871112181       373.079735329384    431.258518086289    468.066783197039  412.076856870612
36.9033663   0.340283687135001      2.4099405408945     4.77066318993       14.83087574241      50.4069252459301  137.29471752096
37.0011877   308.608626808035       348.88248353374     370.305897363356    427.800265856299    464.751924453526  409.189932882658
37.6742244   0.364585300112507      2.63338100520671    4.90270514377333    15.4627963061667    51.4018872155202  138.1914297864
37.7720458   306.171516289103       345.907660562963    367.519559615463    424.387527610281    461.469268590534  406.342288103357
38.4450824   0.411114237104499      2.86853581231304    5.02777545098666    16.0574061967201    52.3607642127668  139.037160551435
38.5429039   303.77190229275        342.937893222774    364.810635108343    420.962531721715    458.240277447452  403.532607917643
39.2159405   0.46323504219974       3.10846730907899    5.14439271145       16.6301267517099    53.3088463720699  139.83848642428
39.3137619   301.359773679328       339.99754447551     362.154169194334    417.513101134927    455.080870676579  400.759649441395
39.9867986   0.511243855321998      3.34963832556202    5.25799316516002    17.1490421800533    54.2703074428401  140.61139035524
40.08462     299.069626714312       337.063331313585    359.52093305921     414.02379953596     451.952552095607  398.022222536611
40.7576567   0.546915518556241      3.59026695741873    5.367449937         17.642485171        55.1956799698331  141.34453069125
40.8554781   296.84706852641        334.145050406835    356.866172500452    410.475128880236    448.842503166852  395.319158885024
41.5285147   0.569862953573495      3.827827176112      5.47325027531333    18.0961511092667    56.1334738564267  142.038986544473
41.6263362   294.696887944363       331.245163652038    354.288995189561    406.959242682689    445.823790604612  392.658012670759
42.2993728   0.582681572139249      4.06568458932196    5.57652998796251    18.5006325590999    57.0355377767166  142.695849477107
42.3971942   292.61868230483        328.42482837336     351.723668320434    403.367097650271    442.828885457044  390.075545710143
43.0702309   0.592772038348005      4.29549902684271    5.675702684         18.87921015632      57.9492399268268  143.31626430528
43.1680523   290.556076649747       325.582193444783    349.161298406586    399.59559650821     439.880500647186  387.477442625154
43.841089    0.612832719310507      4.51477550984432    5.77559189785998    19.2218135958033    58.8506093867833  143.901430912107
43.9389104   288.60715794796        322.788811450953    346.657934628       395.830846571418    436.96608637832   384.900623802823
44.611947    0.664086044563315      4.72718157270497    5.87307304706663    19.5301364858999    59.7170489787998  144.452501116233
44.7097685   286.70913919936        320.029734817185    344.071703234557    391.991896814804    434.085136900075  382.423550730368
45.3828051   0.782514060421498      4.93074430705866    5.96896601332667    19.80651017292      60.5942218044333  144.970782344413
45.4806266   284.868207204492       317.278354153753    341.524997526735    388.10154472209     431.237138791998  379.903935125387
46.1536632   1.01809217336246       5.12205449888748    6.06380087643332    20.05269073715      61.4593300498332  145.4576439044
46.2514846   283.07419378455        314.61546286672     338.874829262503    384.176355816923    428.421546190969  377.480831795649
46.9245213   1.42359303398401       5.30345481319468    6.15766365936001    20.2709079738667    62.2907802625601  145.914345240747
47.0223427   281.268423139813       312.000633281813    336.26038661985     380.136782098919    425.637813649488  375.027102828688
47.6953794   2.04093666799546       5.47503324239797    6.25054206341333    20.46327459558      63.1325076087566  146.3422666603
47.7932008   279.473753933625       309.364664632815    333.537814532964    376.211484105903    422.890859844006  372.643020192982
48.4662374   2.86052209607945       5.63481452685403    6.34277191511335    20.63174751256      63.9627948044268  146.74284547478
48.5640589   277.72698382202        306.838287972325    330.831710692481    372.227837759155    420.225111807962  370.295039030066
49.2370955   3.7849974637835        5.78303449448566    6.43437277431       20.78188053002      64.7819735485834  147.11743926918
49.3349169   275.934546777312       304.35870089376     328.014544211834    368.320598418192    417.556935385728  367.970491132541
50.0079536   4.68747401811989       5.92004394247998    6.52519540706665    20.9079733571333    65.5903403624666  147.4674770276
50.105775    274.180852118276       301.928136551725    325.228265796621    364.588900620488    414.929742640733  365.666043558853
50.7788117   5.35357471304004       6.04560828983468    6.61494659904004    21.01602600112      66.38827025712    147.794428924373
50.8766331   256.190014729966       284.294328297599    307.866394121009    341.6014237788      388.27807109468   337.746895224867
51.5496697   5.63282585594874       6.16000356514999    6.70313593964999    21.1100292535       67.1762127134     148.09972293825
51.6474912   248.381867507219       276.571951453566    298.89201191428     333.83741409816     382.347598509256  333.205030604953
52.3205278   5.42961660898494       6.26400037022002    6.78913224392002    21.1869598389334    67.9546294844801  148.384771635467
52.4183492   239.825667688533       269.859212173316    293.4968945506      328.48788044575     377.952994695205  329.50480419785
53.0913859   4.73885812820199       6.35920037940251    6.87216322097665    21.25111977511      68.72394541203    148.651011097467
53.1892073   232.319991139067       263.756921192       288.295861762827    323.332604107307    373.732745260656  325.97695904984
53.862244    3.63623799827173       6.44659040718668    6.95340879500001    21.3053955620267    69.4845715812002  148.905838122947
53.9600654   225.456975458983       258.143881330313    283.182977158907    318.35174649522     369.604633543817  322.52075408051
54.633102    2.27682435253992       6.52472882488       7.02773573460001    21.34880370904      70.2372291973101  149.138479580113
54.7309235   218.86924505902        252.8942925936      278.2596146125      313.502283180367    365.56662237172   319.07369341186
55.4039601   1.11007212637513       6.59816626875001    7.09649609066664    21.3845766595       70.9826052464999  149.356899463
55.5017816   212.412273803098       247.792463515843    273.25608964397     308.90232596802     361.565871458807  315.647112427273
56.1748182   0.581430030966658      6.66536680611335    7.1586573337        21.41485066862      71.7210992811534  149.56246189532
56.2726396   206.0612770542         242.809320543333    268.4254290108      304.293401337       357.51713359306   312.264198040133
56.9456763   0.530540041362518      6.72839634369999    7.21467577041665    21.4394227641       72.4530643630333  149.756157597067
57.0434977   199.970983953119       238.05576011336     263.638718236       299.90652412936     353.6138113638    308.921992042107
57.7165344   0.62717110189001       6.79071824112001    7.26074674830667    21.4609128356       73.1789727241201  149.9389671528
57.8143558   193.970329793067       233.252293015767    258.89942611885     295.5008808148      349.753002991505  305.61839947085
58.4873924   0.715299892990006      6.85030015430332    7.29879383916       21.47942462321      73.9175374134499  150.1160737909
58.5852139   188.03256077762        228.670434559307    254.210545357       291.2951379132      345.932152511638  302.3514036787
59.2582505   0.779253205250017      6.91204981737335    7.3265296122        21.4970203857733    74.6317856289601  150.279689156873
59.3560719   182.14161127182        224.08094087895     249.57322029775     287.16902294012     342.054846855507  299.119518960967
60.0291086   0.82773628277333       6.97407777549001    7.34558928547334    21.5137610159233    75.34021107455    150.43496175765
60.12693     176.292340979214       219.72530840272     244.99661643035     283.012187431813    338.307794267956  295.92168336544
60.7999667   0.868257256900004      7.041375929         7.35536640973332    21.5309758496       76.060649502      150.582541396667
60.8977881   170.485548701773       215.34827976942     240.57557673792     279.03392320206     334.594850706215  292.757045956947
61.5708247   0.904399232762487      7.11187887176999    7.35708785233001    21.54992178265      76.7569075683866  150.722994547977
61.6686462   164.7335606035         211.178240704666    236.097045408167    275.124003324       330.916147624733  289.613856073
62.3416828   0.940715089849982      7.19074557791665    7.35152575625       21.5702934499       77.4485874930998  150.856775482883
62.4395043   159.068091074565       207.08733491244     231.79680796206     271.279940789126    327.271335393133  286.47942146909
63.1125409   0.978999189613314      7.27591288621       7.33949000776       21.5937780566133    78.1468183543667  150.987378636693
63.2103623   153.6249856411         202.971209721725    227.56789559965     267.5000114806      323.567289634356  283.395111174733
63.883399    1.02157175169667       7.36990430860332    7.32193079853668    21.61970183773      78.8326059294749  151.10878972418
63.9812204   148.151235581027       199.018491749347    223.296887115507    263.785685091494    319.980722693314  280.368019435467
64.6542571   1.07077790698665       7.47447756768001    7.29951647610667    21.64985864288      79.50501604144    151.22451708008
64.7520785   142.906571054558       195.14790094717     219.20525149563     260.14269883991     316.417336462925  277.3727861593
65.4251151   1.12885149426333       7.58576220278999    7.27327269647333    21.6830721096667    80.17921771872    151.334758306203
65.5229366   137.775672290194       191.34574828096     215.17663458984     256.57636814852     312.873817888151  274.39006897015
66.1959732   1.1979947138           7.71027945590002    7.24168198433334    21.7214379335667    80.8268937564001  151.4422758056
66.2937946   132.841593928138       187.51025264829     211.21166988257     253.091278323087    309.259047831651  271.40174149729
66.9668313   1.28061432161751       7.8450757127        7.20498369939999    21.7632967008967    81.4799983409233  151.542044349
67.0646527   128.035964534133       183.8485623416      207.295945934       249.779856248       305.746395497867  268.4989649872
67.7376894   1.37378405599999       7.9862563786875     7.16250506383333    21.8110520375       82.1208538913332  151.636918183333
67.8355108   123.434142044522       180.256304513113    203.356787809583    246.46369860315     302.24503493137   265.62705477512
68.5085474   1.47846711620002       8.13972750637336    7.11357055376       21.86223535688      82.7483395374134  151.72933325984
68.6063689   118.9496658823         176.736467190467    199.564231203766    243.2327988592      298.75144434626   262.7151376681
69.2606643   2.42933650713996       3.05685690219318    1.08772984013999    20.0929139739799    87.0236012183033  143.36128710924
69.2794055   1.591482050775         8.30259256325998    7.05751679575334    21.9196700628067    83.3498978178135  151.815060986643
69.3772269   114.69070971304        173.290419268793    195.82253075812     240.086878631746    295.231566827881  259.905242164387
69.4125534   2.81716088038002       3.93243533724005    1.42103119364       20.38419617753      87.3809370074717  144.11748834972
69.5644426   3.13554163322663       4.73582551013325    1.80423318831998    20.66851301008      87.723074069232   144.8573315536
69.6340092   1.84220577790662       2.12280424537994    0.669718730133391   19.7904214097234    86.629460810714   142.550326690937
69.7163317   3.37367636571996       5.46422620766651    2.16395130237326    20.9418636855199    88.0465729924639  145.59398450076
69.8682208   3.52668652051          6.09851848062997    2.51284179282666    21.2001734509667    88.3472747848767  146.288162806163
70.0201099   3.59350866772499       6.67862811399992    2.83313674216661    21.4411662038666    88.6220108998533  146.9555876312
70.0502636   1.70797513702001       8.47351413363336    6.99390636662664    21.98047212712      83.9435925837401  151.89731320383
70.148085    110.456546340995       169.921056453607    192.131585710554    237.025706660463    291.679512547953  257.12647814567
70.171999    3.57915428322251       7.19618681643001    3.13495080803668    21.6633513529533    88.870379327923   147.59934604969
70.3238881   3.49722189740001       7.68332467735995    3.41859762421332    21.8650184932267    89.088083034928   148.215224964693
70.4048672   1.06721760639979       1.16127983199993    -0.156364923866873  19.5109793303333    86.2442974378733  141.7175295144
70.4757773   3.36647042591999       8.14446524840004    3.68513249608003    22.04067597045      89.2660239457374  148.78772045193
70.6276664   3.199315714255         8.54815557809999    3.93530687263998    22.19875433964      89.414366175582   149.324973920933
70.7795555   3.0215458972733        8.90293103588671    4.16820204488003    22.3335518416267    89.52268658703    149.8371440917
70.8211217   1.82615292678999       8.65164801883667    6.92265991023999    22.0479445842833    84.525959226601   151.976801763957
70.9189431   106.406834794933       166.60298424104     188.489926067093    234.0500076336      288.173840140944  254.35483436368
70.9314446   2.84464442453999       9.21573483223001    4.40302322890001    22.4443183303033    89.5928451027643  150.29754805715
71.0833337   2.68748102100001       9.47034223599998    4.635999484         22.5290379666667    89.6218487064     150.717870301333
71.1757253   0.254270592599874      0.464394632579933   -1.20376142739055   19.3449648600433    85.9711238475394  140.998505591137
71.2352229   2.56070596210999       9.67676773463003    4.86071473972335    22.59372949229      89.6062475935817  151.101035088775
71.387112    2.46492081974668       9.83631281328001    5.08740780069333    22.63797153544      89.544903896806   151.441044576787
71.5390011   2.40418815000499       9.95286415082251    5.3013610577967     22.66759081165      89.435984994683   151.732596436627
71.5919797   1.93941069200002       8.83618726186671    6.84417727919998    22.118811679        85.0927689311535  152.0518769704
71.6898012   102.45294229509        163.33565004723     184.914006903988    231.15899908209     284.645957249162  251.599367720703
71.6908902   2.37155581000002       10.0216662997733    5.51101523168001    22.68374435608      89.278067627684   151.98481775228
71.8427793   2.36032500128          10.04807551872      5.70434154053338    22.68725354096      89.0703592140107  152.184064790453
71.9465834   -2.70153484812101      -1.08395259620006   -2.04398328812703   19.6902355361935    86.1357082082763  140.582626218653
71.9946685   2.36016105813249       10.03377741919      5.88982125658337    22.6776262072233    88.8128043038093  152.336084461017
72.1465576   2.36130926063334       9.9808198267        6.05759713846665    22.6532959380333    88.50550994825    152.442095961267
72.2984467   2.35511967686999       9.89153898181998    6.21570401270667    22.61421871943      88.142647420652   152.49652552168
72.3628378   2.04427492317333       9.02691736244669    6.75920719161333    22.19726455157      85.6438930410121  152.126865346073
72.4503358   2.33406893224          9.76839184124002    6.35460521771998    22.55738297328      87.7300564068921  152.501838551
72.4606593   98.5090687463          160.214273735967    181.4422190518      228.350594143967    281.08101976681   248.9211240843
72.6022249   2.29258071257999       9.61437372321001    6.47700376179333    22.4851916078367    87.2701000105673  152.457687851127
72.7174415   2.40768304821661       8.40296282624251    11.130954142212     36.0442697025773    102.037361619543  155.348577868933
72.754114    2.22873794526668       9.43252848408003    6.58217887163332    22.3936944755867    86.7578877207434  152.36427097696
72.9060032   2.14132718724999       9.22639680685       6.67181270725001    22.2852266327       86.192481034665   152.219541408517
73.2315173   94.6094859324996       157.18691393532     177.944917258273    225.63646458882     277.499900342808  246.25590379192
73.4882996   3.26256836801249       8.29193495025751    11.3614159916227    35.8777954218965    101.283191393873  154.025276582878
74.0023754   90.8000779408747       154.255316253833    174.502484150583    223.018230434083    273.88180982815   243.74574164125
74.2591576   3.23901788233001       8.19761840401       11.561549078421     35.709620323941     100.53098350442   152.74811435653
74.7732335   86.9321377519997       151.407431200427    171.106665471413    220.47855667152     270.26333322016   241.28463530384
75.0300157   3.2060352733725        8.1151960248775     11.7344302098432    35.5388975226924    99.7833636726296  151.450213241805
75.5440916   83.0628513750371       148.63847955193     167.75404109204     218.008451979477    266.446534148337  238.79852713604
75.8008738   3.16383195038          8.04711682885001    11.8801304881875    35.3647421592225    99.040729626365   150.161079098603
76.3149496   79.2782285140503       145.9447371602      164.53203140938     215.6045783158      262.5060109202    236.40762532344
76.5717319   3.11494907712001       7.994226451215      11.9911713091297    35.1927649891435    98.3032574142551  148.883390653236
77.0858077   75.3537867461902       143.322841587017    161.26190080762     213.26248941732     258.54890264463   233.992579580833
77.3425899   3.05929431185999       7.95332179534       12.073250309766     35.015691681662     97.571113889832   147.617178438856
77.8566658   71.4117120776001       140.767632180667    158.05448149675     210.977258401267    254.457123771333  231.670833283
78.113448    3.00009141389001       7.9252335159725     12.1243602769085    34.8424092335343    96.8280230710938  146.362456925708
78.6275239   67.5854848943499       138.224080920923    154.92556244313     208.74514243729     250.234385075457  229.382908082583
78.8843061   2.93492517546001       7.90936095264       12.1424446007068    34.6645285197825    96.1021801873878  145.119294831693
79.398382    63.6658356875873       135.769430045433    151.767090520083    206.562241276067    245.906712297966  227.073489133967
79.6551642   2.86667104965499       7.903923190635      12.1329577633705    34.4866447521515    95.3758683730415  143.878569601936
80.16924     59.8950738562097       133.38278493758     148.724984332466    204.423923834733    241.503404422313  224.85538109538
80.4260222   2.79727952936752       7.90831549664748    12.0966927545838    34.3133532191573    94.6562598092811  142.633398388452
80.9400981   56.1686787549101       131.039418167184    145.62851931873     202.32636735463     237.060322957127  222.672036802527
81.1968803   2.72858081049999       7.92124452100002    12.03732779824      34.13626111905      93.9479723339599  141.42587270576
81.7109562   52.50565461396         128.733743954053    142.64260259084     200.266383125427    232.73438631092   220.470456332
81.9677384   2.66150372881          7.94129687445248    11.9581021594327    33.959968315876     93.235345475476   140.205317978825
82.4818143   48.9089173903699       126.459575605403    139.59915683976     198.187272164203    228.34080344544   218.358514479473
82.7385965   2.59755191442497       7.96698514815501    11.8611051063705    33.7847397174115    92.5298079024434  139.013540450282
83.2526723   45.3819168233004       124.211833713       136.6603919573      196.192205884733    224.1412925402    216.2821921011
83.5094546   2.53247984904749       7.99676450793001    11.7459406107582    33.610841700685     91.8307553763887  137.810762688679
84.0235304   41.9341773184926       121.985099094657    133.743520734327    194.22491223995     219.942958633533  214.233924740165
84.2803126   2.46678830362752       8.0290447183825     11.6208738904143    33.441117909156     91.1385412530818  136.652345050279
84.7943885   38.62719096936         119.775097984267    130.768636269547    192.282351278613    215.980511724267  212.187076887973
85.0511707   2.39882309877999       8.06220656662001    11.485160890368     33.269218278384     90.4523751861252  135.475249741075
85.5652466   35.3272937793598       117.57739830804     127.89626233972     190.36178603372     212.15819106236   210.218810934733
85.8220288   2.32438002173501       8.09462475747999    11.3376060063575    33.0997848016683    89.769018808297   134.312145224902
86.3361046   32.1325752934173       115.38866308818     125.04569921805     188.41151390852     208.484020386873  208.28593962957
86.5928869   2.24457567249998       8.12470219437499    11.183065790975     32.9339434894625    89.0929084997165  133.16337102375
87.1069627   29.0013685179052       113.20565867958     122.217444196747    186.529047226267    204.866781912994  206.34142664894
87.3637449   2.15488351675501       8.15096455417998    11.0278047164985    32.770903539173     88.4241283749393  132.04710468303
87.8778208   25.8960322079151       111.02608476033     119.412967225213    184.66195069624     201.48681190675   204.47967439089
88.134603    2.05336194905997       8.17226107591001    10.86539882306      32.611048841105     87.754594432237   130.928148151994
88.6486789   22.8078942833333       108.8710325         116.6235239625      182.8086471         198.2406722       202.652265966667
88.9054611   1.93930071636751       8.18640841608748    10.7057811851868    32.4548125630447    87.0913523331564  129.824747992824
89.419537    19.8073814978899       106.732187744497    113.812824014282    180.967379973197    195.115832159913  200.85890047189
89.6763192   1.81387327624251       8.19286313160248    10.5421644738288    32.3026836223903    86.4434653190127  128.737408673016
90.190395    17.3395343545466       104.555509676707    111.08612096947     179.088373479527    192.01287582298   199.06479859377
90.4471772   1.68011816421          8.19033710847       10.380364887574     32.152353841296     85.804906505634   127.64888885716
90.9612531   16.16385326245         102.387105301555    108.38712221432     177.26646484034     189.081973618413  197.32875168212
91.2180353   1.5390346512625        8.17788845612749    10.2260313210193    32.0098011695568    85.1626923665033  126.595385835686
91.7321112   16.3295461212601       100.26012508693     105.772664505595    175.452218958853    186.229610068916  195.634059494377
91.9888934   1.40335021835          8.15479973325       10.07268764344      31.8727730551733    84.5338100762     125.55973826206
92.5029693   17.112708271448        98.0821872079603    103.13487562852     173.645337273387    183.45096590384   193.97159500488
92.7597515   1.27466765734502       8.12155798850249    9.92618490773501    31.7429625115958    83.9082501274648  124.542663349797
93.2738273   17.9756418095487       95.9694482757778    100.54179001203     171.84939239687     180.67223765223   192.33153552606
93.5306096   1.15699935534          8.07615931232499    9.79173180779051    31.619838595443     83.292910541586   123.54496694422
94.0446854   18.5732398197875       93.828665330235     97.9835333111002    170.063684301267    178.0233971177    190.7161164096
94.3014676   1.05426496613001       8.019075363995      9.66408204829977    31.506217424158     82.6782924351011  122.54457341398
94.8155435   18.738657808098        91.7032706246391    95.4676033254201    168.286733333657    175.423887320077  189.161336493603
95.0723257   0.967331239600011      7.95015254712003    9.54890743965602    31.40197354996      82.0691974121121  121.5850583376
95.5864016   18.387157238894        89.612506002096     92.99530209736      166.51695000284     172.8662215176    187.639559607653
95.8431838   0.897084228830005      7.86928148005999    9.450766993197      31.309182635705     81.467315610992   120.65168097268
96.3572596   17.541970290048        87.5319961599279    90.6146620642       164.75275719112     170.34354347512   186.149245170213
96.6140419   0.845155588347509      7.77642607170252    9.36706450576952    31.2275752298433    80.8722595749454  119.74170129834
97.1281177   16.3314852256239       85.4634124972808    88.2498501877198    162.99263670249     167.851028598     184.652812494923
97.3848999   0.809266036174988      7.67158928287499    9.30299695763332    31.15939037327      80.28359909783    118.832145103833
97.8989758   14.8856209056418       83.4069801618063    85.9109665206998    161.235097188973    165.38601790346   183.2215795101
98.155758    0.789866301444985      7.55479181568252    9.26073912432726    31.105956300153     79.7008971740584  117.97345788682
98.6698339   13.3597068630238       81.3687113324204    83.6181359769067    159.478371205237    162.94734880168   181.81705746373
98.9266161   0.785441414560002      7.42522172047997    9.23956641054399    31.068479477536     79.1236906939679  117.142122614293
99.440692    11.8129493916201       79.3462327883401    81.4336839222001    157.720601671       160.5354411004    180.437419599
99.6974742   0.793732898980001      7.28201059806501    9.24183012687376    31.0484973446325    78.551459292546   116.333103153625
100.21155    10.3062003175044       77.3429188464126    79.23307570918      155.959862842153    158.152514992687  179.08077754534
100.468332   0.811347614425002      7.12968861492997    9.26920498744951    31.047305279088     77.9708956328964  115.546430921987
100.982408   8.87856274113611       75.416076484712     77.0949706634149    154.24068525004     155.802729799107  177.74516991112
101.23919    0.834086960820016      6.96493773205332    9.3206821830805     31.0659904866265    77.4036503770353  114.807104242913
101.753266   7.58539765834455       73.4537268967711    75.0306442462101    152.468174252207    153.4915769707    176.428425717323
102.010048   0.857300890472499      6.78753619281       9.40041105079875    31.1072873736023    76.843139791725   114.10133868599
102.524124   6.40126504339467       71.5651166662613    72.9688578451634    150.733255076883    151.22506622982   175.128183996743
102.780906   0.876433469600015      6.60308905379998    9.50434193784001    31.1725745914934    76.2858015014933  113.4304922768
103.294982   5.30451491321896       69.6430863258259    71.0081016792799    148.93966432932     149.00941306476   173.841897962387
103.551765   0.887764487475011      6.40801569891334    9.63628056700999    31.2602545092       75.7157249688833  112.780056918597
104.06584    4.33858498602733       67.7899461814712    69.0363658362702    147.18015858382     146.85466535698   172.580008582445
104.322623   0.889156692644989      6.20322100423496    9.78915245112505    31.3751725467905    75.1640720566865  112.18606956708
104.836698   3.46555250558004       65.9541930673401    67.1623154122334    145.4055789005      144.767489038633  171.33135928303
105.093481   0.879998926294997      5.99517106793332    9.97054236885499    31.515118133193     74.5990554185175  111.632314088083
105.607557   2.69269718414101       64.131918443236     65.2776109338834    143.580083265423    142.74833484556   170.069004646154
105.864339   0.861142025419977      5.77725188048997    10.169852270945     31.6823612011601    74.0511061755599  111.12029130208
106.378415   1.9716542186           62.29771349128      63.48569083088      141.7535680904      140.80743097056   168.839034095904
106.635197   0.834538234719992      5.56152848480002    10.395769568272     31.8762540220373    73.4890664030401  110.651369803733
107.149273   1.33633429777922       60.5088058667505    61.68700620689      139.92119453031     138.94970654972   167.574314735061
107.406055   0.802579187067517      5.33969404440501    10.6347134408125    32.0977109509373    72.9363957685875  110.22676059106
107.920131   0.778814088194005      58.7214939486259    59.9687193058165    138.06702576398     137.17774669764   166.334032000823
108.176913   0.767514622824994      5.12448160874999    10.8971338467425    32.34662217701      72.3833135014     109.847573329167
108.690989   0.32676808574998       56.9285265940412    58.26991779484      136.22162030763     135.492610970433  165.081799369237
108.947771   0.731250772085012      4.90767604134754    11.167372319407     32.6238801767583    71.82349084658    109.514677477937
109.461847   0.0385606689177657     55.1371180018052    56.5968631968768    134.34505350731     133.89697592571   163.81237383444
109.718629   0.694026091249994      4.70176764015002    11.457377894612     32.927677495168     71.2639655685467  109.227393826453
110.232705   -0.0419040100999991    53.3904082385001    54.9831848384       132.42814844        132.391320135467  162.520238923333
110.489487   0.658356001435008      4.49992657820668    11.7579102153465    33.2583851180126    70.7046314012401  108.984856764727
111.003563   -0.188697582834982     51.6049810363352    53.3986019538301    130.51074887778     130.97429109697   161.199532096414
111.260345   0.623200541710001      4.31018662145999    12.0617659904653    33.6173902486987    70.1454655976133  108.78699872782
111.774421   -0.336734011031003     49.8635839649241    51.824280193235     128.588948744913    129.608935227427  159.878704892198
112.031203   0.588317080324996      4.13248526165       12.3731887121237    34.0024061484066    69.5865351350667  108.63041087015
112.545279   -0.469455477920012     48.0896073364783    50.2810881912701    126.65346353162     128.35961357133   158.483236825311
112.802061   0.554219478929998      3.96364201807002    12.6933759468677    34.4049092770599    69.0280035540201  108.509206267697
113.316137   -0.568415347639006     46.330534597125     48.75462699958      124.694832930837    127.15531949936   157.039283606413
113.57292    0.518303327000002      3.80996431725001    13.016715777375     34.838215270875     68.470129388      108.425332047667
114.086995   -0.614430916975995     44.5963177452959    47.2659457156266    122.75993116144     126.052683072587  155.58784696672
114.343778   0.481147090247512      3.66991646778001    13.3425449952255    35.2935217303809    67.9132771947401  108.376045806788
114.857854   -0.60999642304625      42.8681725157668    45.7977167890799    120.76394363163     124.988610922617  154.045175136383
115.114636   0.444336442554995      3.54010684025333    13.6694380294165    35.76310261444      67.35205748366    108.35946873246
115.628712   -0.563879220812509     41.1481391994501    44.3482077200001    118.819028834       123.987246825833  152.4769996435
115.885494   0.407279781277495      3.42497732128752    14.0063110499977    36.2500250321757    66.7893212052667  108.370510423133
116.39957    -0.493701246890996     39.439559996804     42.9180298910933    116.874817535717    123.06662171191   150.849147381683
116.656352   0.369813519279996      3.32246834405999    14.336002408358     36.757151150128     66.2389483965066  108.40497990532
117.170428   -0.412175781170008     37.7665838517161    41.5084195962801    114.90421859621     122.17314727724   149.1702419122
117.42721    0.334152700050006      3.22992827977501    14.6653233275012    37.2660946953383    65.6907202654625  108.46151390155
117.941286   -0.334501196027253     36.0883251996918    40.1276809295375    112.94861297472     121.32683186984   147.43897798152
118.198068   0.299259733922518      3.1461712165825     15.0038669326557    37.7902080314137    65.1355951718367  108.537099449255
118.712144   -0.273395229144007     34.4575691293946    38.7814246573901    111.02705061216     120.52308170326   145.66791613832
118.968926   0.267982172874996      3.0685381415        15.3336991889625    38.3088450112175    64.6001984638666  108.628280518567
119.483002   -0.228393248164502     32.8314776994594    37.4520629713532    109.11946673152     119.757634256227  143.86505317534
119.739784   0.239662137812484      2.99939054371       15.6719332393662    38.838156453746     64.064166837505   108.731561011377
120.25386    -0.198474627153744     31.2596229621532    36.13964509467      107.228585602317    119.026552981147  142.034141912977
120.510642   0.216438371819997      2.93604275453999    16.0034843217067    39.3538508883581    63.5404044951733  108.8480193044
121.024718   -0.176950184579997     29.7216744006451    34.8760950251       105.356910532333    118.326247498667  140.184608413534
121.2815     0.197408669667493      2.87713605498333    16.3391568848437    39.87017257225      63.0345285937933  108.97083129472
121.795576   -0.153543575591742     28.1594218357048    33.6482091208676    103.50720374196     117.653443596627  138.330761645
122.052358   0.183119805179987      2.82251660245997    16.6763645452111    40.3737744211866    62.5295502556799  109.10136325122
122.566434   -0.115580345339011     26.6363008143801    32.4428150995267    101.682620410847    117.005435540127  136.487020655833
122.823216   0.173163139712487      2.77206360659999    17.0129949735013    40.86043106867      62.05572181735    109.2345168039
123.198549   -0.0609331733747385    25.1778544369613    31.30027906785      99.9036634797967    116.40195175332   134.7365934338
123.198549   -0.00901644178599236   23.809543454314     30.2503098953866    98.22353116304      115.906080835733  133.064986555013
123.198549   0.0105972968399874     22.5363315996199    29.2187282221199    96.5803501925866    115.432636784427  131.4419094078
123.198549   0.0258718917902588     21.3638189213036    28.2270989055424    94.9882511874365    114.976496708227  129.913332210587
123.198549   0.0686563228825107     20.3868868255775    27.2519486413999    93.5105957651       114.5354170665    128.4048334555
123.198549   0.117889233891503      19.645721635349     26.314754614195     91.9618168496701    114.107623050603  127.000464615487
123.198549   0.155973575179989      19.1213698544       25.45366674952      90.3999206118401    113.691644578347  125.669416606
123.198549   0.167541938916504      18.9308623965357    24.6450471770801    88.69065778091      113.93291825785   125.823989950447
123.198549   0.0946954749535071     18.807667813943     23.89618512156      87.17719729744      113.52145495056   124.57964911088
123.198549   0.0169785853134963     18.814723574304     23.181999425975     85.7110304718867    113.10753066862   123.36087888618
123.198549   -0.257867759757763     18.9132947555987    22.53886422188      84.24931194005      112.69743688075   122.238901483753
123.198549   -0.932698662280047     19.0673719199333    21.9341051573       82.8535815807999    112.2958539834    121.1888189892
123.198549   -1.7608400728212       19.2486069030277    21.3944443387567    81.4635247395401    111.90337260037   120.19006287135
123.198549   -2.47652653819897      19.427004389956     20.89203873992      80.10208666506      111.50949300614   119.26916117978
123.198549   -2.87456839217298      19.5833421945093    20.44755531368      78.8127365217167    111.128816494155  118.443205831477
123.198549   -3.02900692336801      19.699603336465     20.03790804325      77.5206592068134    110.748265683867  117.66457225676
123.198549   -3.004103912705        19.7600745495483    19.6779950283       76.2764346194       110.38070239335   116.952438987367
123.198549   -2.83754055565801      19.753349156519     19.3551402057175    75.0741817164999    110.00936067392   116.30483218828
123.198549   -2.56934854169996      19.67150937073      19.0590692337667    73.8895900444999    109.653638705033  115.719532148367
123.198549   -2.23499406244502      19.5023518831963    18.79931707298      72.7612107572934    109.30435265866   115.193604455577
123.198549   -1.87676840334003      19.247978354676     18.55937518658      71.6402495081868    108.961929750853  114.72414674872
123.198549   -1.53448104805003      18.9054033043627    18.33957629382      70.5729412806625    108.62679192247   114.307075099237
123.198549   -1.23252589383         18.4601478247085    18.1071900443       69.4978089041067    108.33391144306   114.04875280714
123.198549   -0.964632953749999     17.948565467145     17.90556406245      68.4706225662       108.012596950483  113.71246300685
123.198549   -0.736127229552483     17.362907110842     17.7051850661275    67.50100180962      107.69933219877   113.426511179613
123.198549   -0.544970918250008     16.718079623        17.4974742255       66.5327027946666    107.394704498333  113.178721411
123.198549   -0.390726721227489     16.0245015679129    17.2836394749825    65.6161471314599    107.099132139487  112.966071721457
123.198549   -0.264179734404999     15.2916029068441    17.05343903304      64.7002808358067    106.81296762204   112.78565274752
123.198549   -0.159979817642496     14.5290995713391    16.79937349959      63.8265425704826    106.536498008517  112.63469494078
123.198549   -0.0808281087600044    13.7488001913973    16.51743894544      62.9642403484801    106.27688066576   112.50752661072
123.198549   -0.0227229288374947    12.9673336227987    16.2032367577       62.12903581295      106.020313089533  112.4080714913
123.198549   0.0149055248850054     12.2029779701994    15.86331162346      61.3149307526566    105.77412206928   112.33030894879
123.198549   0.0317146552500053     11.4229210875074    15.47790253975      60.515632718725     105.544534205033  112.272018492367
123.198549   0.0359803512399958     10.6672957698829    15.05947663564      59.74592596154      105.319221428     112.230195000263
123.198549   0.0368432164799888     9.90594626789875    14.5988236228       58.9800362868801    105.10751770944   112.204993320213
123.198549   0.037062518202496      9.16124944500477    14.10825324445      58.2520171266834    104.9057951276    112.19329466597
123.198549   0.0325942802400095     8.4309750986165     13.5794249354133    57.52195863676      104.712037950327  112.193416464627
123.198549   0.0210879008999909     7.71002946315374    13.0324120430333    56.8293255994167    104.53333725425   112.2041309312
123.198549   0.0088422680549993     6.99914890029246    12.4745987310825    56.1402557353625    104.36236800726   112.22334435353
123.198549   0.00784863040001073    6.30379741655993    11.8952534444       55.4750498930666    104.200469485333  112.249760611467
123.198549   0.0222206785625021     5.63062814390824    11.31026284198      54.8289901817975    104.05021141951   112.282020771153
123.198549   0.040043617059986      4.95959660146105    10.7346637604601    54.1872067348134    103.905052600527  112.319833625393
123.198549   0.0417105858225113     4.32436023887925    10.165997115785     53.57596631729      103.77229124135   112.35999717674
123.198549   0.0644338778133388     3.71086588945474    9.61647959756006    52.96888324471      103.64760800404   112.402245681107
123.198549   0.120292178749995      3.11677785359378    9.07688159000002    52.3814530625001    103.52755956125   112.445461482917
123.198549   0.198813348319993      2.571546745468      8.570207136955      51.8139986730867    103.418018532153  112.48858263074
123.198549   0.287921725699984      2.06855054425748    8.07956961310002    51.254336470225     103.315293704133  112.530610813733
123.198549   0.379266482437495      1.61403957558348    7.62452987961998    50.7040016595033    103.218015675045  112.57060990862
123.198549   0.469648457830015      1.21588599422498    7.20037427909995    50.1761477646133    103.126045272213  112.607710258987
123.198549   0.558249624407501      0.87709870003027    6.80514940722336    49.6590528273525    103.041035542053  112.64029494885
123.198549   0.647627863454996      0.593222169024506   6.43653866155501    49.15147951299      102.96083958642   112.6694102955
123.198549   0.734030585299988      0.378598730825004   6.10542368368749    48.6491612353834    102.884916922483  112.693488483117
123.198549   0.819284358620003      0.219431844374019   5.79756853957998    48.16673006944      102.8126958072    112.7119670944
123.198549   0.902183344849997      0.117412984693336   5.52072344333335    47.6941379351334    102.7435847922    112.7241237772
123.198549   0.970035780482504      0.0623738216640049  5.27319864400667    47.23080019752      102.67697731665   112.730248033173
123.198549   1.01148012915999       0.0422202104169992  5.05978356622999    46.7760985517       102.61173033009   112.72973090366
123.198549   1.01445804580749       0.0416053372474998  4.87173130621252    46.3289858650576    102.548644588593  112.722361003553
123.198549   0.977772638319992      0.0376694976900035  4.71601277046002    45.88672454022      102.48569109464   112.70841304552
123.198549   0.91386341436251       0.0337205755612522  4.59445185097502    45.4513215509875    102.42248048685   112.687138398433
123.198549   0.840536268629992      0.0323426418129966  4.50989306871002    45.02212050503      102.358322267827  112.65971846862
123.198549   0.772886249999996      0.0337256255000102  4.4650380615        44.5984593236666    102.2924255555    112.6256059395
123.198549   0.716804840782497      0.0370179242777522  4.47232490460499    44.1884459631825    102.22396612432   112.58462120315
123.198549   0.669734671899991      0.0410259761600173  4.53550831704002    43.77355242454      102.152075877413  112.5385002624
123.198549   0.625628194764999      0.0447548874774948  4.66785952009002    43.370589639075     102.076411840698  112.48687390649
123.198549   0.579285267600004      0.0471303773789987  4.87345370874667    42.9664399697       101.996550640753  112.430171803913
123.198549   0.528496941000005      0.0476866371483338  5.16228525501251    42.5605999432167    101.9088427628    112.3688943232
123.198549   0.47425780978          0.0485712097500073  5.52372170454002    42.1543882192       101.81589348052   112.30356772892
123.198549   0.416264273370005      0.0513643687992444  5.96705253769663    41.7499105989925    101.71308489544   112.23390077502
123.198549   0.361554253780007      0.0557426216494932  6.48142300951333    41.3463070209566    101.60165171052   112.16263650312
123.198549   0.321438764539998      0.0617712263285066  7.07267975193502    40.9283806496533    101.481301611387  112.08894877428
123.198549   0.318785277774994      0.0695683418713306  7.72890617258004    40.511469530515     101.34726502822   112.01331368832
123.198549   0.376654074389997      0.0791798450100032  8.42960845162997    40.0740121297334    101.20048902204   111.93661359564
123.198549   0.527798651087505      0.0914682227025041  9.18884113244996    39.6309301740167    101.0397142443    111.85939959685
123.198549   0.778847769280008      0.106631473682981   9.97802822620999    39.1677114919       100.863695849607  111.78224688828
123.198549   1.11166958130999       0.125963250193003   10.794286763285     38.6654896512133    100.67113999665   111.705712744307
123.198549   1.4882914290075        0.15100512503575    11.6263426321326    38.1478459733625    100.46065445268   111.630319167883
123.198549   1.86736992619          0.181994157164998   12.4692870616934    37.59392125156      100.23072777524   111.55729160457
123.198549   2.22405917842504       0.221125323625005   13.3155045144401    37.00148973677      99.9798101223366  111.48670449062
123.198549   2.52098450275998       0.269050373128994   14.1550702559732    36.3629390451451    99.70699249616    111.417293545433
123.198549   2.76339429399998       0.325819994387493   14.9820109297499    35.6797990655625    99.4106327009167  111.350592795417
123.198549   2.93946088079999       0.39233426376       15.79117827984      34.9556518881601    99.08909916176    111.28686476144
123.198549   3.06125427664          0.468328944059002   16.5799273766475    34.1746708814667    98.73773305989    111.2279155987
123.198549   3.137198324675         0.555321886102      17.3391865373967    33.3598834616675    98.35433775674    111.17064235901
123.198549   3.17676496739333       0.648232160000014   18.077503710595     32.5330058813533    97.9485014434667  111.116865713447
123.198549   3.18879557383667       0.747563996773009   18.7718601192551    31.6689539570133    97.51329325397    111.06727105739
123.198549   3.18191359968          0.850270459904015   19.4362817764267    30.8261868161199    97.0481480489066  111.0213813016
123.198549   3.16462136971252       0.954703923199995   20.0653949128333    29.99678893685      96.5540311664001  110.97848505425
123.198549   3.14259937163333       1.05928717483001    20.65647297076      29.21046120844      96.02869584102    110.939334790587
123.198549   3.12234784160998       1.16164141625575    21.2079805703       28.490720993645     95.47464674702    110.904835036623
123.198549   3.10772121726001       1.26055132345       21.7188324412666    27.85476660426      94.8948919464134  110.87305834432
123.198549   3.10120115376001       1.35461395887999    22.17824626744      27.32240056432      94.28602205328    110.844979160213
123.198549   3.10170058205999       1.44285234006667    22.6032672893333    26.8798858200025    93.64870218798    110.82116870714
123.198549   3.10528170427999       1.526193913675      22.98896733878      26.561328647275     92.994728341925   110.80024720748
123.198549   3.1059430192           1.599583321425      23.327060071775     26.3731798538       92.3158535120334  110.782848888383
123.198549   3.09818613906999       1.66387077078001    23.6243401524267    26.31671362329      91.60458006772    110.76915732601
123.198549   3.08006325087999       1.71719116901       23.878576741225     26.38529766627      90.8938670230967  110.758549785277
123.198549   3.054794121215         1.75634786911       24.092253272075     26.567196808995     90.14572160858    110.75114119092
123.198549   3.03043085927334       1.77618250619       24.271898714995     26.8407312051067    89.4019916560067  110.74693208774
123.198549   3.01788715778901       1.77172406999       24.41102677675      27.2080216718434    88.6228395052499  110.74567075767
123.198549   3.024212525209         1.73981100765       24.51613284644      27.6525951936       87.85206315368    110.7472751822
123.198549   3.05061876098749       1.67832099472501    24.5889080503333    28.1614066183       87.0707657920001  110.751621142933
123.198549   3.08951208812201       1.58845579590001    24.6322045430467    28.7278666563333    86.2806512303201  110.75830746444
123.198549   3.12501343131467       1.4739948032525     24.64883606938      29.3263969620399    85.4835305553801  110.76751216732
123.198549   3.140368619902         1.34283034956       24.641976544        29.97314195098      84.68170541656    110.7788717704
123.198549   3.118449097715         1.2028539584        24.615591172603     30.6295877993867    83.8771234679467  110.79182019364
123.198549   3.05220893719423       1.0603938217875     24.5716515370833    31.3195290552534    83.07154032334    110.806798735103
123.198549   2.94150904113348       0.916679982713322   24.5140937239       32.0002467648334    82.280724116855   110.8231727365
123.198549   2.79371135352251       0.780765194574982   24.4470851082825    32.7048076567501    81.4862457554999  110.840209516088
123.198549   2.62029476529801       0.650602327080007   24.371175780026     33.40096810766      80.6961642226801  110.85837798144
123.198549   2.43328977527301       0.534770007109997   24.2912021453044    34.08822942633      79.91542203364    110.877037473853
123.198549   2.24495244805468       0.432691937350013   24.2089375666845    34.77829307612      79.14744725822    110.895434288895
123.198549   2.06058139923724       0.347733295149999   24.1270939969643    35.4388690602175    78.3688345559734  110.913693310323
123.198549   1.88599409456976       0.280899150804995   24.0463774301688    36.10042669603      77.6184924372     110.931398348223
123.198549   1.71745533888598       0.231158663519993   23.968046832808     36.73357075342      76.8773529692     110.9477518037
123.198549   1.56546330155626       0.196324349187504   23.891769215775     37.3541816375001    76.144931919      110.96247216375
123.198549   1.42712016280401       0.173737718240009   23.820504478378     37.95867206602      75.41873890281    110.975319612153
123.198549   1.30377572546901       0.160869160034985   23.7526447231605    38.5241838041366    74.7026263883326  110.985478421708
123.198549   1.196991269291         0.155685308269996   23.6862342419147    39.07830348598      74.01096588213    110.99241343472
123.198549   1.10911795038424       0.157655137589987   23.625870309437     39.6008824084033    73.31955124576    110.99849287276
123.198549   1.044295301996         0.16632599233251    23.5713097770177    40.0999144421767    72.64151221432    111.008095837398
123.198549   0.999518357401495      0.181913221475013   23.520525202571     40.58485916295      71.9763322842399  111.02127029144
123.198549   0.976394392377493      0.203848937737508   23.4743716869263    41.0477535724       71.3398224033166  111.03764867825
123.198549   0.973358405607985      0.232815061080008   23.43078247868      41.4821470241601    70.6925833148399  111.056175475373
123.198549   0.988533641462753      0.270160055677494   23.3884490547928    41.89422727525      70.0599563356975  111.07745168763
123.198549   1.020837421677         0.314460983914993   23.346040687905     42.2837012638667    69.4279821378801  111.10003693637
123.198549   1.06604071444449       0.366773444009988   23.30216747081      42.65028515598      68.78549942765    111.12428561039
123.198549   1.117700209741         0.4284721757425     23.255660589097     42.9936826350417    68.1569078975834  111.1493111204
123.198549   1.154714740892         0.496611559990008   23.2041369779907    43.311014914167     67.5022015170266  111.17436942616
123.198549   1.15519106156699       0.572087515200008   23.148556333575     43.60353201647      66.8592020197     111.199302620725
123.198549   1.09828981500599       0.655236448160009   23.085168503974     43.87533937222      66.1911627161933  111.223548364107
123.198549   0.984214193449254      0.744219445133334   23.0149280976185    44.124122317642     65.5253951703151  111.24609636534
123.198549   0.825222185608         0.838094916319998   22.9363781863947    44.343645387408     64.8656781270934  111.26728993248
123.198549   0.64954423390275       0.935727689555002   22.8472975451303    44.5403370016128    64.2046776680175  111.2853623986
123.198549   0.48282386650001       1.036837901875      22.74802058325      44.71664438275      63.558178313125   111.300276135833
123.198549   0.344128889126005      1.14007686188001    22.6372953249895    44.86460576092      62.924083176      111.311701536387
123.198549   0.239528130106002      1.24564344673751    22.5173298096487    44.9883547046634    62.3137033133166  111.318246901683
123.198549   0.168561626991999      1.34976432362669    22.38175173774      45.0873919985867    61.73739480912    111.31947934432
123.198549   0.128139218711251      1.45765654960666    22.2326459361398    45.16117681623      61.2116392151925  111.314541893908
123.198549   0.1076395990772        1.56489906043999    22.073403553501     45.208834519126     60.73006592562    111.3025057593
123.198549   0.0991398763857433     1.67032992334249    21.8994175133844    45.2297932186212    60.30853628105    111.28303956842
123.198549   0.0970152123950102     1.77130729713333    21.70890217154      45.2237704519933    59.9519693534     111.255287171
123.198549   0.0982235493960034     1.87296250778667    21.50623006608      45.190275096464     59.66142781664    111.218514153973
123.198549   0.101454382847514      1.97144271228749    21.289933801005     45.1274618639267    59.4414921147625  111.171949161983
123.198549   0.10589630836049       2.064449347295      21.06213483933      45.036275647946     59.29184237802    111.114808228387
123.198549   0.11096843821225       2.15213027227251    20.8176196893287    44.914933109602     59.2165506816325  111.046269157197
123.198549   0.116301596311008      2.23360926019       20.563395134538     44.762029554004     59.2073004819733  110.965653286827
123.198549   0.121749391465753      2.30823951617749    20.2886641624012    44.5767310838547    59.26066715834    110.87410385983
123.198549   0.127251563042504      2.3762527389        20.0068232715       44.35816392552      59.3711092819334  110.768521233467
123.198549   0.132634501085005      2.437797247995      19.711841260732     44.10543752493      59.53030262247    110.6480293387
123.198549   0.13748824208125       2.4917934994375     19.40410954095      43.8178381401875    59.7365891875625  110.513208472
123.198549   0.141312882095983      2.54007702098       19.0894624352494    43.494706857492     59.98234620856    110.368583851827
123.198549   0.143579705000011      2.58360647112499    18.7607008330827    43.1354794217819    60.26614379705    110.20467697915
123.198549   0.146495326069999      2.62434598729001    18.427001092623     42.7402323066495    60.57491805696    110.026822285145
123.198549   0.153003025162499      2.661383271225      18.077849451622     42.3101245396583    60.90746261808    109.83778737757
123.198549   0.160112797099995      2.6966673951        17.72313024627      41.85607110811      61.2593123552     109.6319666061
123.198549   0.166103325315009      2.7311097788475     17.3631805574365    41.3615835544079    61.6366866065475  109.41826249321
